0.897541 -0.0841966 1 0
0.974665 -0.0467976 0.998029 0.0627587
0.178199 0.580977 0.992123 0.12527
-0.684144 -0.996952 0.982305 0.187287
-0.866448 -0.39697 0.968615 0.248566
0.91943 0.259441 0.951106 0.308866
-0.63005 0.627336 0.929847 0.367947
0.19036 -0.688577 0.904922 0.425578
-0.453784 -0.957205 0.876429 0.48153
-0.541034 -0.345865 0.844482 0.535585
-0.870843 0.0480264 0.809204 0.587528
-0.783787 0.956727 0.770737 0.637154
-0.168354 0.36244 0.72923 0.684268
0.0137089 -0.118568 0.684849 0.728685
0.812661 0.426087 0.637768 0.770229
0.891125 0.44799 0.588172 0.808736
0.567978 -0.735453 0.536257 0.844055
-0.999559 -0.0156862 0.482228 0.876046
0.659054 -0.170503 0.426298 0.904583
-0.99607 -0.465928 0.368687 0.929554
-0.659542 0.843415 0.309623 0.950859
0.766347 0.921275 0.249338 0.968417
-0.18689 0.711403 0.18807 0.982156
0.42761 -0.888273 0.12606 0.992023
-0.756639 -0.993821 0.0635535 0.997978
-0.778278 -0.203444 0.000796327 1
0.0626639 0.436774 -0.061964 0.998078
-0.606061 -0.950127 -0.12448 0.992222
-0.939609 0.379646 -0.186505 0.982454
0.174515 -0.467377 -0.247795 0.968812
-0.39758 -0.850252 -0.308108 0.951351
0.536118 -0.231475 -0.367206 0.93014
0.813321 -0.861218 -0.424857 0.905261
0.736682 -0.98481 -0.480832 0.876813
-0.414793 0.997439 -0.534912 0.844908
-0.331905 0.767593 -0.586883 0.809672
0.411393 0.779405 -0.63654 0.771244
-0.994029 0.570037 -0.683687 0.729775
0.696113 -0.124242 -0.72814 0.685429
-0.998895 -0.81589 -0.769721 0.638381
-0.604932 0.485114 -0.808267 0.588816
-0.253298 0.98514 -0.843627 0.536929
0.759893 0.622294 -0.875661 0.482926
-0.683069 -0.63917 -0.904243 0.427018
0.488102 0.86201 -0.92926 0.369427
-0.868402 0.515025 -0.950613 0.31038
0.894694 -0.973916 -0.968218 0.250109
-0.44111 -0.290512 -0.982006 0.188852
-0.303555 0.848991 -0.991922 0.12685
0.253705 0.808993 -0.997928 0.0643482
0.428442 0.999505 -0.999999 0.00159265
-0.515993 0.549078 -0.998127 -0.0611691
-0.142767 0.954484 -0.992321 -0.12369
-0.967721 0.867865 -0.982602 -0.185723
0.999872 0.268845 -0.969009 -0.247023
-0.539111 -0.0484517 -0.951596 -0.30735
-0.182952 0.997195 -0.930432 -0.366465
-0.959144 0.407699 -0.905599 -0.424136
0.996663 -0.954709 -0.877195 -0.480134
0.957329 0.447825 -0.845333 -0.534239
0.111191 0.995609 -0.810139 -0.586238
-0.321355 0.655126 -0.77175 -0.635926
0.958752 -0.993624 -0.730319 -0.683106
0.668642 -0.628409 -0.686009 -0.727593
0.385203 -0.51399 -0.638993 -0.769212
0.928808 -0.999143 -0.589459 -0.807798
0.966396 -0.980937 -0.537601 -0.8432
-0.682652 -0.812347 -0.483623 -0.875277
-0.666172 0.344811 -0.427738 -0.903903
0.48817 -0.985735 -0.370167 -0.928965
0.0125024 0.32559 -0.311137 -0.950365
-0.629181 0.579743 -0.25088 -0.968018
0.844803 -0.549558 -0.189634 -0.981855
-0.640497 0.942743 -0.12764 -0.991821
0.997448 -0.997188 -0.0651428 -0.997876
-0.869745 -0.113166 -0.00238898 -0.999997
0.562116 0.801526 0.0603743 -0.998176
0.699449 0.517584 0.1229 -0.992419
0.955516 0.983601 0.18494 -0.98275
-0.757396 -0.586622 0.246252 -0.969206
-0.239417 -0.157636 0.306592 -0.951841
-0.555131 0.0901101 0.365724 -0.930723
-0.168506 -0.193272 0.423414 -0.905936
-0.92679 -0.444994 0.479435 -0.877577
0.327587 -0.990059 0.533566 -0.845759
-0.998498 -0.161706 0.585593 -0.810605
-0.911254 0.157442 0.635311 -0.772256
0.0530345 -0.997809 0.682524 -0.730863
0.942202 0.835172 0.727047 -0.686588
-0.941831 -0.444141 0.768703 -0.639606
-0.237823 -0.401163 0.807329 -0.590102
-0.520064 0.882988 0.842771 -0.538272
-0.613717 0.0140178 0.874891 -0.48432
-0.95875 0.501884 0.903562 -0.428458
-0.412841 0.917826 0.92867 -0.370907
-0.965005 -0.308609 0.950117 -0.311894
0.619805 -0.537262 0.967818 -0.251651
0.740897 -0.977474 0.981704 -0.190415
-0.204355 0.805407 0.991719 -0.12843
-0.998166 -0.439703 0.997824 -0.0659374
