#index 1: data points
-1 0.877583
-0.827586 0.627095
-0.655172 0.406424
-0.482759 0.226299
-0.310345 0.0951567
-0.137931 0.0189797
0.0344828 0.00118888
0.206897 0.0425773
0.37931 0.141297
0.551724 0.29289
0.724138 0.490378
0.896552 0.724386
1.06897 0.983319
1.24138 1.25359
1.41379 1.51986
1.58621 1.76536
1.75862 1.97219
1.93103 2.12171
2.10345 2.19488
2.27586 2.17268
2.44828 2.03652
2.62069 1.76863
2.7931 1.35249
2.96552 0.77323
3.13793 0.0180273
3.31034 -0.923529
3.48276 -2.05908
3.65517 -3.39321
3.82759 -4.92709
4 -6.65835


#index 2: fit from ANN
-1 0.527694
-0.95 0.519377
-0.9 0.507712
-0.85 0.492783
-0.8 0.474715
-0.75 0.453677
-0.7 0.429884
-0.65 0.403598
-0.6 0.375129
-0.55 0.344835
-0.5 0.31312
-0.45 0.280433
-0.4 0.247264
-0.35 0.214141
-0.3 0.181627
-0.25 0.150306
-0.2 0.120787
-0.15 0.0936852
-0.1 0.06962
-0.05 0.0492007
3.19189e-16 0.0330172
0.05 0.0216283
0.1 0.0155493
0.15 0.0152404
0.2 0.0210943
0.25 0.033425
0.3 0.0524571
0.35 0.0783162
0.4 0.111022
0.45 0.150481
0.5 0.196489
0.55 0.248725
0.6 0.306762
0.65 0.37007
0.7 0.438036
0.75 0.509973
0.8 0.585146
0.85 0.662797
0.9 0.742165
0.95 0.82252
1 0.903186
1.05 0.983564
1.1 1.06315
1.15 1.14157
1.2 1.21854
1.25 1.2939
1.3 1.3676
1.35 1.43966
1.4 1.51014
1.45 1.57914
1.5 1.6467
1.55 1.71281
1.6 1.77732
1.65 1.83998
1.7 1.90034
1.75 1.9578
1.8 2.01156
1.85 2.0607
1.9 2.10417
1.95 2.14083
2 2.16953
2.05 2.18918
2.1 2.19875
2.15 2.19739
2.2 2.18444
2.25 2.15947
2.3 2.1223
2.35 2.07302
2.4 2.01197
2.45 1.93971
2.5 1.85698
2.55 1.76468
2.6 1.66381
2.65 1.55542
2.7 1.44057
2.75 1.32031
2.8 1.19562
2.85 1.06743
2.9 0.936583
2.95 0.80388
3 0.670061
3.05 0.535846
3.1 0.401961
3.15 0.269163
3.2 0.138271
3.25 0.0101938
3.3 -0.114056
3.35 -0.233349
3.4 -0.34644
3.45 -0.451975
3.5 -0.548519
3.55 -0.63458
3.6 -0.708657
3.65 -0.769286
3.7 -0.815095
3.75 -0.844864
3.8 -0.857585
3.85 -0.852516
3.9 -0.829232
3.95 -0.78767
4 -0.728157
