         1          1 0          1
     1.125   0.941743 0   0.941743
      1.25   0.906402 0   0.906402
     1.375   0.888914 0   0.888914
       1.5   0.886227 0   0.886227
     1.625   0.896574 0   0.896574
      1.75   0.919063 0   0.919063
     1.875   0.953446 0   0.953446
         2          1 0          1
     2.125    1.05946 0    1.05946
      2.25      1.133 0      1.133
     2.375    1.22226 0    1.22226
       2.5    1.32934 0    1.32934
     2.625    1.45693 0    1.45693
      2.75    1.60836 0    1.60836
     2.875    1.78771 0    1.78771
         3          2 0          2
     3.125    2.25135 0    2.25135
      3.25    2.54926 0    2.54926
     3.375    2.90286 0    2.90286
       3.5    3.32335 0    3.32335
     3.625    3.82445 0    3.82445
      3.75    4.42299 0    4.42299
     3.875    5.13967 0    5.13967
         4          6 0          6
     4.125    7.03548 0    7.03548
      4.25    8.28509 0    8.28509
     4.375    9.79715 0    9.79715
       4.5    11.6317 0    11.6317
     4.625    13.8636 0    13.8636
      4.75    16.5862 0    16.5862
     4.875    19.9162 0    19.9162
         5         24 0         24
     5.125    29.0214 0    29.0214
      5.25    35.2116 0    35.2116
     5.375    42.8625 0    42.8625
       5.5    52.3428 0    52.3428
     5.625    64.1193 0    64.1193
      5.75    78.7845 0    78.7845
     5.875    97.0916 0    97.0916
         6        120 0        120
     6.125    148.734 0    148.734
      6.25    184.861 0    184.861
     6.375    230.386 0    230.386
       6.5    287.885 0    287.885
     6.625    360.671 0    360.671
      6.75    453.011 0    453.011
     6.875    570.413 0    570.413
         7        720 0        720
     7.125    910.998 0    910.998
      7.25    1155.38 0    1155.38
     7.375    1468.71 0    1468.71
       7.5    1871.25 0    1871.25
     7.625    2389.45 0    2389.45
      7.75    3057.82 0    3057.82
     7.875    3921.59 0    3921.59
         8       5040 0       5040
     8.125    6490.86 0    6490.86
      8.25    8376.51 0    8376.51
     8.375    10831.7 0    10831.7
       8.5    14034.4 0    14034.4
     8.625    18219.5 0    18219.5
      8.75    23698.1 0    23698.1
     8.875    30882.5 0    30882.5
         9      40320 0      40320
