    95 0.00381919
    96 0.00407712
    97 0.00436208
    98 0.004678
    99 0.00502953
   100 0.00542222
   101 0.00586276
   102 0.00635925
   103 0.00692159
   104 0.00756196
   105 0.00829549
   106 0.00914115
   107 0.010123
   108 0.0112721
   109 0.0126284
   110 0.0142452
   111 0.0161935
   112 0.0185707
   113 0.0215124
   114 0.0252128
   115 0.029957
   116 0.0361777
   117 0.0445581
   118 0.0562267
   119 0.0731589
   120 0.0990703
   121 0.141642
   122 0.218941
   123 0.382255
   124 0.829256
   125 2.96767
   126 108.133
   127 4.48931
   128 1.02304
   129 0.439866
   130 0.243275
   131 0.154108
   132 0.106286
   133 0.0777037
   134 0.0592718
   135 0.0466969
   136 0.037737
   137 0.0311285
   138 0.0261152
   139 0.0222222
   140 0.019139
   141 0.0166556
   142 0.0146259
   143 0.0129459
   144 0.0115395
   145 0.0103504
   146 0.0093361
   147 0.00846389
   148 0.00770843
   149 0.00704977
   150 0.00647207
   151 0.00596257
   152 0.00551095
   153 0.00510876
   154 0.00474905
   155 0.00442603
   156 0.00413488
   157 0.00387154
   158 0.00363258
   159 0.00341508
   160 0.00321654
   161 0.00303483
   162 0.00286809
   163 0.00271473
   164 0.00257334
   165 0.00244272
   166 0.0023218
   167 0.00220964
   168 0.00210541
   169 0.00200839
