#index 1:lambda_i     f(lambda_i)
 -0.747657 5.85272e-06
   1.11594 -2.00865e-06
   2.34296 0.000105469
   4.42914 1.66369e-06
   13.8596 3.29343e-06


#index 2:x_i    f(x_i)
        -2   -3.42857
     -1.89   -3.17079
     -1.78    -2.9066
     -1.67   -2.63555
     -1.56   -2.35711
     -1.45   -2.07067
     -1.34   -1.77557
     -1.23   -1.47106
     -1.12   -1.15628
     -1.01  -0.830237
      -0.9   -0.49178
     -0.79  -0.139567
     -0.68   0.227987
     -0.57   0.612787
     -0.46    1.01715
     -0.35    1.44393
     -0.24    1.89674
     -0.13    2.38028
     -0.02    2.90077
      0.09    3.46686
       0.2    4.09108
      0.31    4.79267
      0.42    5.60357
      0.53    6.58254
      0.64     7.8548
      0.75    9.75543
      0.86    13.6458
      0.97    40.6708
      1.08   -4.21517
      1.19    4.12074
       1.3    7.36364
      1.41    9.89203
      1.52    12.5658
      1.63     16.023
      1.74    21.5216
      1.85    33.7186
      1.96    107.985
      2.07   -48.1849
      2.18   -12.2332
      2.29   -2.69648
       2.4     2.3011
      2.51    5.78303
      2.62    8.64951
      2.73    11.2842
      2.84    13.9018
      2.95    16.6599
      3.06    19.7089
      3.17    23.2287
      3.28    27.4735
      3.39    32.8514
       3.5       40.1
      3.61    50.7536
      3.72    68.7009
      3.83    107.776
      3.94     282.79
      4.05   -300.913
      4.16   -77.2464
      4.27   -31.8106
      4.38   -8.37921
      4.49    9.96359
       4.6    29.6171
      4.71    57.6361
      4.82    113.516
      4.93    334.249
      5.04   -645.908
      5.15   -185.941
      5.26   -114.054
      5.37   -84.2922
      5.48   -67.7868
      5.59   -57.1778
       5.7   -49.7199
      5.81   -44.1517
      5.92   -39.8109
      6.03    -36.315
      6.14   -33.4272
      6.25   -30.9928
      6.36    -28.906
      6.47   -27.0922
      6.58   -25.4969
      6.69   -24.0795
       6.8   -22.8089
      6.91   -21.6612
      7.02   -20.6172
      7.13   -19.6618
      7.24   -18.7826
      7.35   -17.9696
      7.46   -17.2143
      7.57   -16.5098
      7.68   -15.8501
      7.79   -15.2303
       7.9   -14.6461
      8.01   -14.0939
      8.12   -13.5704
      8.23   -13.0728
      8.34   -12.5988
      8.45   -12.1463
      8.56   -11.7133
      8.67   -11.2982
      8.78   -10.8995
      8.89    -10.516
         9   -10.1464
      9.11   -9.78973
      9.22   -9.44498
      9.33    -9.1113
      9.44   -8.78792
      9.55   -8.47415
      9.66   -8.16933
      9.77   -7.87288
      9.88   -7.58427
      9.99     -7.303
      10.1   -7.02863
     10.21   -6.76074
     10.32   -6.49896
     10.43   -6.24293
     10.54   -5.99232
     10.65   -5.74685
     10.76   -5.50622
     10.87   -5.27019
     10.98    -5.0385
     11.09   -4.81094
      11.2    -4.5873
     11.31   -4.36739
     11.42   -4.15101
     11.53   -3.93801
     11.64   -3.72822
     11.75    -3.5215
     11.86    -3.3177
     11.97   -3.11669
     12.08   -2.91835
     12.19   -2.72256
      12.3   -2.52921
     12.41    -2.3382
     12.52   -2.14944
     12.63   -1.96282
     12.74   -1.77826
     12.85   -1.59567
     12.96   -1.41499
     13.07   -1.23614
     13.18   -1.05904
     13.29  -0.883626
      13.4   -0.70984
     13.51   -0.53762
     13.62  -0.366907
     13.73  -0.197648
     13.84   -0.02979
     13.95   0.136716
     14.06   0.301916
     14.17   0.465857
     14.28    0.62858
     14.39   0.790127
      14.5   0.950537
     14.61    1.10985
     14.72    1.26809
     14.83    1.42531
     14.94    1.58153


#index 3: Data for default effektivitet som funktion af m
   0  418  620  669
   5  665  887  937
  10  735  913  976
  15  764  923  980
  20  786  929  983
  25  798  938  983
  30  809  945  989
  35  823  940  992
  40  834  941  991
  45  837  953  993
  50  846  951  993
  55  851  951  993
  60  851  954  995
  65  860  954  993
  70  861  959  994
  75  860  959  995
  80  868  958  993
  85  875  956  994
  90  879  958  994
  95  887  959  993
 100  885  960  995
