Dette er den vi arbejder med
         1          0          1          0          0          0          0          0          0          0          0          0          0          0          0          0          0          0          0 
         0          2          2          0          0          0          0          0          0          0          0          0          0          0          0          0          0          0          0 
         1          2          9          4          5          6          7          8          9         10          1          2          3          4          5          6          7          8          9 
         0          0          4          4          0          0          0          0          0          0          0          0          0          0          0          0          0          0          0 
         0          0          5          0          5          0          0          0          0          0          0          0          0          0          0          0          0          0          0 
         0          0          6          0          0          6          0          0          0          0          0          0          0          0          0          0          0          0          0 
         0          0          7          0          0          0          7          0          0          0          0          0          0          0          0          0          0          0          0 
         0          0          8          0          0          0          0          8          0          0          0          0          0          0          0          0          0          0          0 
         0          0          9          0          0          0          0          0          9          0          0          0          0          0          0          0          0          0          0 
         0          0         10          0          0          0          0          0          0         10          0          0          0          0          0          0          0          0          0 
         0          0          1          0          0          0          0          0          0          0          1          0          0          0          0          0          0          0          0 
         0          0          2          0          0          0          0          0          0          0          0          2          0          0          0          0          0          0          0 
         0          0          3          0          0          0          0          0          0          0          0          0          3          0          0          0          0          0          0 
         0          0          4          0          0          0          0          0          0          0          0          0          0          4          0          0          0          0          0 
         0          0          5          0          0          0          0          0          0          0          0          0          0          0          5          0          0          0          0 
         0          0          6          0          0          0          0          0          0          0          0          0          0          0          0          6          0          0          0 
         0          0          7          0          0          0          0          0          0          0          0          0          0          0          0          0          7          0          0 
         0          0          8          0          0          0          0          0          0          0          0          0          0          0          0          0          0          8          0 
         0          0          9          0          0          0          0          0          0          0          0          0          0          0          0          0          0          0          9 

HER 15
xp=9
res er
  -17.5005 
         1 
   1.01842 
         2 
   2.06158 
   3.05558 
         4 
   4.15989 
         5 
   5.22586 
         6 
   6.29796 
         7 
   7.38123 
         8 
   8.48774 
         9 
   9.72929 
    34.083 

med gæt
  -17.5005 
  0.999996 
   1.01842 
         2 
   2.06158 
   3.05558 
         4 
   4.15989 
         5 
   5.22586 
         6 
   6.29796 
         7 
   7.38123 
         8 
   8.48774 
         9 
   9.72929 
    34.083 

Fra GSL får vi
  -17.5005 
         1 
   1.01842 
         2 
   2.06158 
   3.05558 
         4 
   4.15989 
         5 
   5.22586 
         6 
   6.29796 
         7 
   7.38123 
         8 
   8.48774 
         9 
   9.72929 
    34.083 

