      0.01   -1.32103
 0.0433333   -2.13947
 0.0766667    -2.5298
      0.11   -2.79079
  0.143333   -2.98528
  0.176667    -3.1385
      0.21   -3.26339
  0.243333    -3.3675
  0.276667    -3.4557
      0.31   -3.53128
  0.343333    -3.5966
  0.376667   -3.65342
      0.41   -3.70305
  0.443333   -3.74655
  0.476667   -3.78474
      0.51    -3.8183
  0.543333   -3.84777
  0.576667   -3.87361
      0.61   -3.89622
  0.643333   -3.91591
  0.676667   -3.93296
      0.71   -3.94763
  0.743333   -3.96013
  0.776667   -3.97063
      0.81    -3.9793
  0.843333   -3.98628
  0.876667   -3.99171
      0.91   -3.99569
  0.943333   -3.99833
  0.976667   -3.99972
