#index 0: N   PlainMonteCarlo error     QuasiMonteCarlo error
1000 8.98892e+13 1.39578e+13
1025 9.25154e+14 2.11789e+13
1050 2.17458e+14 2.06606e+13
1075 3.38333e+13 2.04129e+13
1100 3.06211e+14 1.19239e+13
1125 6.69272e+14 1.16592e+13
1150 6.60082e+14 2.40282e+13
1175 1.56047e+14 2.2791e+13
1200 3.70723e+14 2.19004e+13
1225 5.56303e+14 2.14914e+13
1250 2.46339e+14 2.10564e+13
1275 2.64692e+14 2.06371e+13
1300 4.10369e+14 2.82726e+13
1325 4.19366e+14 2.7739e+13
1350 4.22583e+14 7.87038e+13
1375 1.45161e+14 7.71916e+13
1400 1.0864e+14 7.58593e+13
1425 1.76721e+14 7.44881e+13
1450 4.76629e+14 6.69369e+13
1475 6.05707e+14 6.58068e+13
1500 1.78675e+14 6.47302e+13
1525 1.88376e+14 6.34762e+13
1550 5.21756e+14 6.27189e+13
1575 2.15176e+14 6.17221e+13
1600 3.35154e+14 5.96688e+13
1625 3.10491e+14 6.1208e+13
1650 3.4831e+14 6.06482e+13
1675 2.01555e+14 5.93905e+13
1700 4.28691e+14 5.85168e+13
1725 6.07119e+14 5.78621e+13
1750 1.80401e+14 1.03923e+14
1775 3.94542e+14 1.03159e+14
1800 2.89822e+14 9.78789e+13
1825 6.42279e+14 9.65485e+13
1850 1.30285e+14 9.51708e+13
1875 3.92188e+14 9.59101e+13
1900 4.68304e+14 5.71046e+13
1925 1.45069e+14 5.79718e+13
1950 1.98257e+14 5.81296e+13
1975 1.99538e+14 5.73949e+13
2000 1.10298e+14 5.47817e+13
2025 6.95004e+14 5.9004e+13
2050 5.68736e+14 5.8279e+13
2075 2.77489e+14 5.74615e+13
2100 1.65769e+14 5.4486e+13
2125 6.47151e+14 5.38467e+13
2150 2.48124e+14 5.3222e+13
2175 6.71989e+14 6.20241e+13
2200 1.37804e+14 6.11338e+13
2225 1.96211e+14 6.10517e+13
2250 2.7549e+14 4.00633e+13
2275 2.42461e+14 3.96081e+13
2300 4.39223e+14 3.9182e+13
2325 1.16449e+14 1.45067e+12
2350 2.79781e+14 3.08121e+12
2375 3.75972e+14 3.0174e+12
2400 4.83805e+14 2.99781e+12
2425 3.0275e+14 2.91046e+12
2450 4.3054e+14 1.91956e+13
2475 1.78456e+14 1.90039e+13
2500 2.70579e+14 1.86924e+13
2525 3.94112e+14 1.8509e+13
2550 3.17754e+14 1.84271e+13
2575 1.63319e+14 1.82451e+13
2600 1.47323e+14 1.81188e+13
2625 1.96038e+14 1.79322e+13
2650 2.16834e+14 1.75681e+13
2675 3.41344e+14 1.74154e+13
2700 2.62682e+14 1.24453e+14
2725 8.76601e+13 1.23311e+14
2750 3.67449e+14 1.18138e+14
2775 3.00638e+14 1.17074e+14
2800 2.86166e+14 1.18182e+14
2825 4.9158e+14 1.15825e+14
2850 3.79693e+14 1.14834e+14
2875 6.54412e+14 1.13833e+14
2900 3.91946e+14 1.03319e+14
2925 1.95195e+14 1.02449e+14
2950 4.32167e+14 1.01566e+14
2975 3.1824e+14 1.01718e+14
3000 2.51331e+14 1.01431e+14
3025 4.62564e+14 9.58137e+13
3050 3.50256e+14 9.50284e+13
3075 2.16001e+14 9.04202e+13
3100 2.32465e+14 8.96976e+13
3125 3.08759e+14 8.89788e+13
3150 1.98246e+14 9.38147e+13
3175 3.04815e+14 8.45292e+13
3200 3.06394e+14 8.39748e+13
3225 3.76817e+14 8.33042e+13
3250 3.12961e+14 1.39611e+14
3275 5.05441e+14 1.38543e+14
3300 3.4446e+14 1.37488e+14
3325 3.1406e+14 1.35434e+14
3350 3.59423e+14 1.35463e+14
3375 3.33092e+14 1.34414e+14
3400 2.76566e+14 1.33132e+14
3425 3.24014e+14 1.32215e+14
3450 1.86323e+14 1.32319e+14
3475 3.20337e+14 6.28703e+13
3500 2.64482e+14 6.24221e+13
3525 4.40712e+14 6.19736e+13
3550 2.43198e+14 6.15819e+13
3575 2.42565e+14 6.11468e+13
3600 3.19699e+14 7.11721e+13
3625 9.68283e+13 7.06818e+13
3650 2.36251e+14 6.99486e+13
3675 2.82104e+14 6.91403e+13
3700 4.19891e+14 7.1371e+13
3725 3.2498e+14 7.09395e+13
3750 2.45479e+14 6.93269e+13
3775 4.47979e+14 6.88674e+13
3800 1.9181e+14 6.98386e+13
3825 2.98895e+14 6.93394e+13
3850 2.05978e+14 6.88841e+13
3875 2.69073e+14 6.88126e+13
3900 3.42184e+14 5.67225e+13
3925 1.87474e+14 5.63611e+13
3950 1.97211e+14 5.56647e+13
3975 2.64173e+14 5.52661e+13
4000 2.43046e+14 5.53187e+13
4025 2.00448e+14 5.49749e+13
4050 3.49504e+14 8.01355e+13
4075 2.72417e+14 7.96439e+13
4100 2.24081e+14 7.9123e+13
4125 8.14434e+13 7.86317e+13
4150 1.70831e+14 8.21282e+13
4175 2.14074e+14 8.13572e+13
4200 2.30226e+14 8.0917e+13
4225 3.46861e+14 8.03652e+13
4250 2.09306e+14 8.01778e+13
4275 2.33032e+14 7.97106e+13
4300 2.76444e+14 7.92473e+13
4325 2.79013e+14 3.6862e+13
4350 3.45179e+14 3.7058e+13
4375 3.07579e+14 3.67906e+13
4400 1.64534e+14 3.65794e+13
4425 1.43343e+14 3.63986e+13
4450 1.93747e+14 3.62155e+13
4475 1.82388e+14 3.42617e+13
4500 2.68467e+14 4.35383e+13
4525 2.83976e+14 4.31834e+13
4550 2.50554e+14 4.219e+13
4575 1.67974e+14 4.19583e+13
4600 1.51004e+14 4.83551e+13
4625 1.91218e+14 4.12937e+13
4650 1.5514e+14 4.10744e+13
4675 2.65107e+14 4.08461e+13
4700 1.42703e+14 4.23826e+13
4725 5.19138e+14 4.21582e+13
4750 3.19423e+14 4.07143e+13
4775 1.14968e+14 4.05363e+13
4800 1.20622e+14 3.99841e+13
4825 3.30932e+14 3.9738e+13
4850 2.5186e+14 3.95278e+13
4875 1.58318e+14 3.96181e+13
4900 1.865e+14 3.7413e+13
4925 2.51153e+14 3.72231e+13
4950 1.95534e+14 5.62952e+13
4975 1.85734e+14 5.59383e+13
5000 1.91613e+14 5.56603e+13
5025 2.96349e+14 5.53778e+13
5050 3.66003e+14 5.5114e+13
5075 2.76047e+14 5.48483e+13
5100 2.59079e+14 5.45425e+13
5125 2.86397e+14 5.40017e+13
5150 2.21706e+14 5.62756e+13
5175 3.31344e+14 5.60051e+13
5200 1.8928e+14 7.28659e+12
5225 1.95358e+14 7.05109e+12
5250 2.85222e+14 6.97707e+12
5275 2.28112e+14 6.94568e+12
5300 1.79502e+14 6.91919e+12
5325 3.27721e+14 6.8737e+12
5350 1.39049e+14 7.82374e+12
5375 3.67178e+14 7.99802e+12
5400 2.2617e+14 2.16625e+13
5425 2.45074e+14 2.15623e+13
5450 2.85391e+14 2.14779e+13
5475 1.70824e+14 1.92875e+13
5500 2.68844e+14 2.65199e+13
5525 2.64647e+14 2.63987e+13
5550 1.88419e+14 2.62755e+13
5575 2.86786e+14 2.61562e+13
5600 2.5685e+14 2.61849e+13
5625 1.87381e+14 1.61151e+13
5650 2.52577e+14 1.60458e+13
5675 2.5798e+14 1.69723e+13
5700 3.00552e+14 1.71014e+13
5725 1.45436e+14 1.70239e+13
5750 2.17024e+14 1.69499e+13
5775 3.19091e+14 3.70139e+12
5800 1.97537e+14 3.66781e+12
5825 2.21407e+14 3.69387e+12
5850 1.96726e+14 2.43495e+12
5875 2.43131e+14 2.42612e+12
5900 1.96479e+14 2.39838e+12
5925 2.64205e+14 2.46111e+12
5950 1.79382e+14 1.06629e+13
5975 3.05112e+14 1.05469e+13
6000 1.6021e+14 1.05047e+13
6025 1.65025e+14 1.04606e+13
6050 1.54019e+14 3.22956e+11
6075 1.74512e+14 3.21751e+11
6100 1.99471e+14 2.7323e+11
6125 2.41502e+14 3.27035e+11
6150 2.44608e+14 1.58555e+12
6175 1.61415e+14 1.57872e+12
6200 1.91193e+14 1.02161e+12
6225 2.61215e+14 1.20156e+12
6250 2.68327e+14 1.21663e+12
6275 1.95975e+14 6.15261e+11
6300 1.75631e+14 1.03426e+13
6325 1.72783e+14 1.03006e+13
6350 1.97024e+14 8.84586e+12
6375 1.84308e+14 8.81113e+12
6400 1.25174e+14 9.25676e+12
6425 2.75575e+14 9.22806e+12
6450 1.89535e+14 9.19789e+12
6475 1.87012e+14 9.15972e+12
6500 1.8335e+14 1.13724e+13
6525 1.52657e+14 1.13291e+13
6550 2.61258e+14 1.06444e+13
6575 2.68486e+14 1.06959e+13
6600 1.77809e+14 1.07086e+13
6625 1.6271e+14 3.90353e+11
6650 2.94459e+14 3.90123e+11
6675 2.55691e+14 3.93043e+11
6700 2.98389e+14 5.16662e+11
6725 2.7112e+14 5.11564e+11
6750 2.60612e+14 9.07092e+13
6775 2.25195e+14 8.9733e+13
6800 1.83646e+14 8.94143e+13
6825 1.6681e+14 8.90773e+13
6850 1.99353e+14 8.96813e+13
6875 2.55565e+14 8.93557e+13
6900 2.04673e+14 8.90433e+13
6925 1.52887e+14 1.81894e+13
6950 3.10574e+14 1.83985e+13
6975 2.76933e+14 1.82539e+13
7000 1.52837e+14 1.81887e+13
7025 1.57726e+14 1.83061e+13
7050 1.96036e+14 1.83467e+13
7075 1.68396e+14 1.79017e+13
7100 2.766e+14 1.78387e+13
7125 2.3811e+14 1.75122e+13
7150 2.64304e+14 1.70508e+13
7175 1.9838e+14 1.69893e+13
7200 1.97418e+14 2.05849e+13
7225 1.76815e+14 2.05137e+13
7250 1.05229e+14 2.05201e+13
7275 1.57391e+14 2.04232e+13
7300 2.56645e+14 3.09704e+13
7325 1.75903e+14 3.08655e+13
7350 1.55328e+14 2.88804e+13
7375 2.20965e+14 2.87825e+13
7400 2.53151e+14 2.88924e+13
7425 2.27944e+14 2.87381e+13
7450 1.89985e+14 2.86457e+13
7475 2.31632e+14 2.85885e+13
7500 1.3457e+14 2.44383e+13
7525 1.60935e+14 2.43571e+13
7550 1.43607e+14 2.4252e+13
7575 1.83465e+14 2.42256e+13
7600 1.5929e+14 2.41827e+13
7625 1.68401e+14 2.40916e+13
7650 2.23999e+14 2.98461e+13
7675 2.18221e+14 2.97492e+13
7700 2.09115e+14 2.95667e+13
7725 2.33341e+14 2.94436e+13
7750 2.40132e+14 3.08553e+13
7775 1.91392e+14 1.59843e+12
7800 2.08467e+14 1.59434e+12
7825 1.64373e+14 1.57695e+12
7850 2.17455e+14 2.28643e+12
7875 1.88657e+14 2.26943e+12
7900 1.64815e+14 2.26186e+12
7925 1.85261e+14 2.14747e+11
7950 1.69719e+14 2.57157e+11
7975 1.5905e+14 2.27034e+11
8000 1.87796e+14 2.66904e+10
8025 1.6026e+14 3.07848e+10
8050 2.56469e+14 1.06426e+11
8075 2.6523e+14 5.62307e+12
8100 2.50794e+14 3.90201e+13
8125 1.51476e+14 3.8896e+13
8150 2.39409e+14 3.87786e+13
8175 2.30198e+14 3.86592e+13
8200 2.401e+14 4.16812e+13
8225 1.83937e+14 4.07141e+13
8250 1.96268e+14 4.06248e+13
8275 1.62865e+14 3.98053e+13
8300 1.87468e+14 3.9724e+13
8325 1.77064e+14 3.96018e+13
8350 1.71602e+14 3.72782e+13
8375 2.12234e+14 3.7554e+13
8400 2.31279e+14 3.76489e+13
8425 2.26505e+14 3.7458e+13
8450 2.01777e+14 3.7344e+13
8475 2.44577e+14 3.72649e+13
8500 1.7139e+14 3.69963e+13
8525 2.44765e+14 3.68879e+13
8550 1.68594e+14 3.89686e+13
8575 1.89051e+14 3.86605e+13
8600 1.1791e+14 3.85907e+13
8625 1.28084e+14 3.84785e+13
8650 1.45806e+14 1.68429e+13
8675 2.19438e+14 1.67982e+13
8700 1.80221e+14 1.66276e+13
8725 1.21688e+14 1.65786e+13
8750 1.94053e+14 1.82874e+13
8775 1.87686e+14 1.82351e+13
8800 2.03088e+14 1.80138e+13
8825 1.2866e+14 1.79778e+13
8850 2.34461e+14 1.80698e+13
8875 1.21878e+14 1.79389e+13
8900 2.29831e+14 1.7887e+13
8925 1.96237e+14 1.79704e+13
8950 1.29365e+14 1.72942e+13
8975 1.50493e+14 1.72449e+13
9000 1.79393e+14 2.96505e+13
9025 1.47514e+14 2.95675e+13
9050 1.43341e+14 2.94865e+13
9075 1.8529e+14 2.25444e+13
9100 1.7485e+14 2.27084e+13
9125 1.78303e+14 2.25245e+13
9150 2.09064e+14 2.24396e+13
9175 2.02965e+14 2.23776e+13
9200 1.38324e+14 2.45256e+13
9225 1.72602e+14 3.76646e+12
9250 1.13812e+14 3.75598e+12
9275 2.12366e+14 3.72158e+12
9300 1.94932e+14 3.69999e+12
9325 1.79006e+14 3.69123e+12
9350 1.41325e+14 3.68715e+12
9375 1.68336e+14 3.74782e+12
9400 9.50054e+13 3.58254e+12
9425 2.46642e+14 3.59369e+12
9450 1.53964e+14 2.32475e+13
9475 1.96524e+14 2.31856e+13
9500 1.33948e+14 2.31387e+13
9525 2.00879e+14 1.55634e+13
9550 1.83271e+14 1.70516e+13
9575 1.6514e+14 1.7005e+13
9600 2.42466e+14 1.69567e+13
9625 2.3593e+14 1.69123e+13
9650 1.46512e+14 1.60987e+13
9675 1.75304e+14 1.60596e+13
9700 1.56316e+14 1.58841e+13
9725 1.80078e+14 1.60559e+13
9750 1.77959e+14 1.61503e+13
9775 1.9853e+14 1.61085e+13
9800 1.68558e+14 1.48384e+13
9825 1.53138e+14 1.48174e+13
9850 1.45023e+14 1.47836e+13
9875 1.20729e+14 1.47425e+13
9900 1.87095e+14 1.60684e+13
9925 9.50347e+13 1.6027e+13
9950 2.21645e+14 1.49873e+13
9975 1.60545e+14 1.49498e+13
