#index0:stof der ikke skal plottes
Min symmetriske tilfældige matrice
  0.840188   0.394383 
  0.394383   0.783099 

Min A efter Jacobi algorithmen, hvilket skulles svare til D
  0.416229          0 
         0    1.20706 

Min V matrice med egenvektorer
  0.681106   0.732184 
 -0.732184   0.681106 

Vi udregner V^(T)AV og ser at det give vores D igen:
  0.416229          0 
         0    1.20706 

Vi udregner VDV^(T) og ser at vi får A igen
  0.840188   0.394383 
  0.394383   0.783099 

Vi udregner V^(T)V og ser at vi får en identitets matrice ud
         1          0 
         0          1 

Min H:
       242       -121          0          0          0          0          0          0          0          0 
      -121        242       -121          0          0          0          0          0          0          0 
         0       -121        242       -121          0          0          0          0          0          0 
         0          0       -121        242       -121          0          0          0          0          0 
         0          0          0       -121        242       -121          0          0          0          0 
         0          0          0          0       -121        242       -121          0          0          0 
         0          0          0          0          0       -121        242       -121          0          0 
         0          0          0          0          0          0       -121        242       -121          0 
         0          0          0          0          0          0          0       -121        242       -121 
         0          0          0          0          0          0          0          0       -121          0 

H efter jacobi
  -60.4999          0          0          0          0          0          0          0          0          0 
         0    14.2662          0          0          0          0          0          0          0          0 
         0          0    53.1748          0          0          0          0          0          0          0 
         0          0          0    110.181          0          0          0          0          0          0 
         0          0          0          0    178.971          0          0          0          0          0 
         0          0          0          0          0    252.991          0          0          0          0 
         0          0          0          0          0          0    325.489          0          0          0 
         0          0          0          0          0          0          0    389.943          0          0 
         0          0          0          0          0          0          0          0    440.586          0 
         0          0          0          0          0          0          0          0          0    472.899 

Mit V som er eigenfunktioner:
0.00126861   0.156986  -0.283975   0.375641  -0.429189   0.442123  -0.414305   0.348746  -0.251601  -0.131739 
0.00317152   0.295462  -0.443154   0.409229  -0.223566 -0.0401592   0.285866    -0.4264   0.412929   0.251391 
0.00666019   0.399103  -0.407584  0.0701794   0.312733  -0.438475   0.217062   0.172599  -0.426103  -0.347981 
 0.0134789   0.455689  -0.192897  -0.332774    0.38647   0.079987  -0.435636   0.215369   0.286395   0.412646 
 0.0270372   0.458548   0.106561  -0.432709  -0.111419   0.431209  0.0835215  -0.435923 -0.0439315  -0.439454 
 0.0541139   0.407343   0.359189  -0.138625  -0.444509  -0.119155   0.378007   0.317619  -0.214294   0.425946 
  0.108248   0.308112   0.453968   0.281688  -0.120127  -0.420386  -0.344342  0.0475804   0.395633  -0.373361 
  0.216505   0.172553   0.349245   0.445501   0.381934    0.15734  -0.140415  -0.375794  -0.435023   0.286523 
  0.433015  0.0166497  0.0910429   0.203647   0.319078   0.406095   0.441226   0.411891   0.318331  -0.173399 
  0.866031  -0.141216  -0.207169  -0.223644  -0.215725  -0.194226  -0.164025  -0.127811 -0.0874245  0.0443674 

k: calculated vs exact
0 -60.4999 9.8696
1 14.2662 39.4784
2 53.1748 88.8264


#index1: x sin(x) 2*sin(2x)
     0      0      0
     0      0      0
     0      0      0
     0      0      0
     0      0      0
     0      0      0
     0      0      0
     0      0      0
     0      0      0
     0      0      0
     0      0      0
     0      0      0
     0      0      0
     0      0      0
     0      0      0
     0      0      0
     0      0      0
     0      0      0
     0      0      0
     0      0      0
     0      0      0
     0      0      0
     0      0      0
     0      0      0
     0      0      0
     0      0      0
     0      0      0
     0      0      0
     0      0      0
     0      0      0
     0      0      0
     0      0      0
     0      0      0
     0      0      0
     0      0      0
     0      0      0
     0      0      0
     0      0      0
     0      0      0
     0      0      0
     0      0      0
     0      0      0
     0      0      0
     0      0      0
     0      0      0
     0      0      0
     0      0      0
     0      0      0
     0      0      0
     0      0      0
     0      0      0
     0      0      0
     0      0      0
     0      0      0
     0      0      0
     0      0      0
     0      0      0
     0      0      0
     0      0      0
     0      0      0
     0      0      0
     0      0      0
     0      0      0
     0      0      0
     0      0      0
     0      0      0
     0      0      0
     0      0      0
     0      0      0
     0      0      0
     0      0      0
     0      0      0
     0      0      0
     0      0      0
     0      0      0
     0      0      0
     0      0      0
     0      0      0
     0      0      0
     0      0      0
     0      0      0
     0      0      0
     0      0      0
     0      0      0
     0      0      0
     0      0      0
     0      0      0
     0      0      0
     0      0      0
     0      0      0
     0      0      0
     0      0      0
     0      0      0
     0      0      0
     0      0      0
     0      0      0
     0      0      0
     0      0      0
     0      0      0
     0      0      0
     1 0.841471 1.81859
     1 0.841471 1.81859
     1 0.841471 1.81859
     1 0.841471 1.81859
     1 0.841471 1.81859
     1 0.841471 1.81859
     1 0.841471 1.81859
     1 0.841471 1.81859
     1 0.841471 1.81859
     1 0.841471 1.81859
     1 0.841471 1.81859
     1 0.841471 1.81859
     1 0.841471 1.81859
     1 0.841471 1.81859
     1 0.841471 1.81859
     1 0.841471 1.81859
     1 0.841471 1.81859
     1 0.841471 1.81859
     1 0.841471 1.81859
     1 0.841471 1.81859
     1 0.841471 1.81859
     1 0.841471 1.81859
     1 0.841471 1.81859
     1 0.841471 1.81859
     1 0.841471 1.81859
     1 0.841471 1.81859
     1 0.841471 1.81859
     1 0.841471 1.81859
     1 0.841471 1.81859
     1 0.841471 1.81859
     1 0.841471 1.81859
     1 0.841471 1.81859
     1 0.841471 1.81859
     1 0.841471 1.81859
     1 0.841471 1.81859
     1 0.841471 1.81859
     1 0.841471 1.81859
     1 0.841471 1.81859
     1 0.841471 1.81859
     1 0.841471 1.81859
     1 0.841471 1.81859
     1 0.841471 1.81859
     1 0.841471 1.81859
     1 0.841471 1.81859
     1 0.841471 1.81859
     1 0.841471 1.81859
     1 0.841471 1.81859
     1 0.841471 1.81859
     1 0.841471 1.81859
     1 0.841471 1.81859
     1 0.841471 1.81859
     1 0.841471 1.81859
     1 0.841471 1.81859
     1 0.841471 1.81859
     1 0.841471 1.81859
     1 0.841471 1.81859
     1 0.841471 1.81859
     1 0.841471 1.81859
     1 0.841471 1.81859
     1 0.841471 1.81859
     1 0.841471 1.81859
     1 0.841471 1.81859
     1 0.841471 1.81859
     1 0.841471 1.81859
     1 0.841471 1.81859
     1 0.841471 1.81859
     1 0.841471 1.81859
     1 0.841471 1.81859
     1 0.841471 1.81859
     1 0.841471 1.81859
     1 0.841471 1.81859
     1 0.841471 1.81859
     1 0.841471 1.81859
     1 0.841471 1.81859
     1 0.841471 1.81859
     1 0.841471 1.81859
     1 0.841471 1.81859
     1 0.841471 1.81859
     1 0.841471 1.81859
     1 0.841471 1.81859
     1 0.841471 1.81859
     1 0.841471 1.81859
     1 0.841471 1.81859
     1 0.841471 1.81859
     1 0.841471 1.81859
     1 0.841471 1.81859
     1 0.841471 1.81859
     1 0.841471 1.81859
     1 0.841471 1.81859
     1 0.841471 1.81859
     1 0.841471 1.81859
     1 0.841471 1.81859
     1 0.841471 1.81859
     1 0.841471 1.81859
     1 0.841471 1.81859
     1 0.841471 1.81859
     1 0.841471 1.81859
     1 0.841471 1.81859
     1 0.841471 1.81859
     1 0.841471 1.81859
     2 0.909297 -1.5136
     2 0.909297 -1.5136
     2 0.909297 -1.5136
     2 0.909297 -1.5136
     2 0.909297 -1.5136
     2 0.909297 -1.5136
     2 0.909297 -1.5136
     2 0.909297 -1.5136
     2 0.909297 -1.5136
     2 0.909297 -1.5136
     2 0.909297 -1.5136
     2 0.909297 -1.5136
     2 0.909297 -1.5136
     2 0.909297 -1.5136
     2 0.909297 -1.5136
     2 0.909297 -1.5136
     2 0.909297 -1.5136
     2 0.909297 -1.5136
     2 0.909297 -1.5136
     2 0.909297 -1.5136
     2 0.909297 -1.5136
     2 0.909297 -1.5136
     2 0.909297 -1.5136
     2 0.909297 -1.5136
     2 0.909297 -1.5136
     2 0.909297 -1.5136
     2 0.909297 -1.5136
     2 0.909297 -1.5136
     2 0.909297 -1.5136
     2 0.909297 -1.5136
     2 0.909297 -1.5136
     2 0.909297 -1.5136
     2 0.909297 -1.5136
     2 0.909297 -1.5136
     2 0.909297 -1.5136
     2 0.909297 -1.5136
     2 0.909297 -1.5136
     2 0.909297 -1.5136
     2 0.909297 -1.5136
     2 0.909297 -1.5136
     2 0.909297 -1.5136
     2 0.909297 -1.5136
     2 0.909297 -1.5136
     2 0.909297 -1.5136
     2 0.909297 -1.5136
     2 0.909297 -1.5136
     2 0.909297 -1.5136
     2 0.909297 -1.5136
     2 0.909297 -1.5136
     2 0.909297 -1.5136
     2 0.909297 -1.5136
     2 0.909297 -1.5136
     2 0.909297 -1.5136
     2 0.909297 -1.5136
     2 0.909297 -1.5136
     2 0.909297 -1.5136
     2 0.909297 -1.5136
     2 0.909297 -1.5136
     2 0.909297 -1.5136
     2 0.909297 -1.5136
     2 0.909297 -1.5136
     2 0.909297 -1.5136
     2 0.909297 -1.5136
     2 0.909297 -1.5136
     2 0.909297 -1.5136
     2 0.909297 -1.5136
     2 0.909297 -1.5136
     2 0.909297 -1.5136
     2 0.909297 -1.5136
     2 0.909297 -1.5136
     2 0.909297 -1.5136
     2 0.909297 -1.5136
     2 0.909297 -1.5136
     2 0.909297 -1.5136
     2 0.909297 -1.5136
     2 0.909297 -1.5136
     2 0.909297 -1.5136
     2 0.909297 -1.5136
     2 0.909297 -1.5136
     2 0.909297 -1.5136
     2 0.909297 -1.5136
     2 0.909297 -1.5136
     2 0.909297 -1.5136
     2 0.909297 -1.5136
     2 0.909297 -1.5136
     2 0.909297 -1.5136
     2 0.909297 -1.5136
     2 0.909297 -1.5136
     2 0.909297 -1.5136
     2 0.909297 -1.5136
     2 0.909297 -1.5136
     2 0.909297 -1.5136
     2 0.909297 -1.5136
     2 0.909297 -1.5136
     2 0.909297 -1.5136
     2 0.909297 -1.5136
     2 0.909297 -1.5136
     2 0.909297 -1.5136
     2 0.909297 -1.5136
     2 0.909297 -1.5136
     3 0.14112 -0.558831
     3 0.14112 -0.558831
     3 0.14112 -0.558831
     3 0.14112 -0.558831
     3 0.14112 -0.558831
     3 0.14112 -0.558831
     3 0.14112 -0.558831
     3 0.14112 -0.558831
     3 0.14112 -0.558831
     3 0.14112 -0.558831
     3 0.14112 -0.558831
     3 0.14112 -0.558831
     3 0.14112 -0.558831
     3 0.14112 -0.558831
     3 0.14112 -0.558831
     3 0.14112 -0.558831
     3 0.14112 -0.558831
     3 0.14112 -0.558831
     3 0.14112 -0.558831
     3 0.14112 -0.558831
     3 0.14112 -0.558831
     3 0.14112 -0.558831
     3 0.14112 -0.558831
     3 0.14112 -0.558831
     3 0.14112 -0.558831
     3 0.14112 -0.558831
     3 0.14112 -0.558831
     3 0.14112 -0.558831
     3 0.14112 -0.558831
     3 0.14112 -0.558831
     3 0.14112 -0.558831
     3 0.14112 -0.558831
     3 0.14112 -0.558831
     3 0.14112 -0.558831
     3 0.14112 -0.558831
     3 0.14112 -0.558831
     3 0.14112 -0.558831
     3 0.14112 -0.558831
     3 0.14112 -0.558831
     3 0.14112 -0.558831
     3 0.14112 -0.558831
     3 0.14112 -0.558831
     3 0.14112 -0.558831
     3 0.14112 -0.558831
     3 0.14112 -0.558831
     3 0.14112 -0.558831
     3 0.14112 -0.558831
     3 0.14112 -0.558831
     3 0.14112 -0.558831
     3 0.14112 -0.558831
     3 0.14112 -0.558831
     3 0.14112 -0.558831
     3 0.14112 -0.558831
     3 0.14112 -0.558831
     3 0.14112 -0.558831
     3 0.14112 -0.558831
     3 0.14112 -0.558831
     3 0.14112 -0.558831
     3 0.14112 -0.558831
     3 0.14112 -0.558831
     3 0.14112 -0.558831
     3 0.14112 -0.558831
     3 0.14112 -0.558831
     3 0.14112 -0.558831
     3 0.14112 -0.558831
     3 0.14112 -0.558831
     3 0.14112 -0.558831
     3 0.14112 -0.558831
     3 0.14112 -0.558831
     3 0.14112 -0.558831
     3 0.14112 -0.558831
     3 0.14112 -0.558831
     3 0.14112 -0.558831
     3 0.14112 -0.558831
     3 0.14112 -0.558831
     3 0.14112 -0.558831
     3 0.14112 -0.558831
     3 0.14112 -0.558831
     3 0.14112 -0.558831
     3 0.14112 -0.558831
     3 0.14112 -0.558831
     3 0.14112 -0.558831
     3 0.14112 -0.558831
     3 0.14112 -0.558831
     3 0.14112 -0.558831
     3 0.14112 -0.558831
     3 0.14112 -0.558831
     3 0.14112 -0.558831
     3 0.14112 -0.558831
     3 0.14112 -0.558831
     3 0.14112 -0.558831
     3 0.14112 -0.558831
     3 0.14112 -0.558831
     3 0.14112 -0.558831
     3 0.14112 -0.558831
     3 0.14112 -0.558831
     3 0.14112 -0.558831
     3 0.14112 -0.558831
     3 0.14112 -0.558831
     3 0.14112 -0.558831
     4 -0.756802 1.97872
     4 -0.756802 1.97872
     4 -0.756802 1.97872
     4 -0.756802 1.97872
     4 -0.756802 1.97872
     4 -0.756802 1.97872
     4 -0.756802 1.97872
     4 -0.756802 1.97872
     4 -0.756802 1.97872
     4 -0.756802 1.97872
     4 -0.756802 1.97872
     4 -0.756802 1.97872
     4 -0.756802 1.97872
     4 -0.756802 1.97872
     4 -0.756802 1.97872
     4 -0.756802 1.97872
     4 -0.756802 1.97872
     4 -0.756802 1.97872
     4 -0.756802 1.97872
     4 -0.756802 1.97872
     4 -0.756802 1.97872
     4 -0.756802 1.97872
     4 -0.756802 1.97872
     4 -0.756802 1.97872
     4 -0.756802 1.97872
     4 -0.756802 1.97872
     4 -0.756802 1.97872
     4 -0.756802 1.97872
     4 -0.756802 1.97872
     4 -0.756802 1.97872
     4 -0.756802 1.97872
     4 -0.756802 1.97872
     4 -0.756802 1.97872
     4 -0.756802 1.97872
     4 -0.756802 1.97872
     4 -0.756802 1.97872
     4 -0.756802 1.97872
     4 -0.756802 1.97872
     4 -0.756802 1.97872
     4 -0.756802 1.97872
     4 -0.756802 1.97872
     4 -0.756802 1.97872
     4 -0.756802 1.97872
     4 -0.756802 1.97872
     4 -0.756802 1.97872
     4 -0.756802 1.97872
     4 -0.756802 1.97872
     4 -0.756802 1.97872
     4 -0.756802 1.97872
     4 -0.756802 1.97872
     4 -0.756802 1.97872
     4 -0.756802 1.97872
     4 -0.756802 1.97872
     4 -0.756802 1.97872
     4 -0.756802 1.97872
     4 -0.756802 1.97872
     4 -0.756802 1.97872
     4 -0.756802 1.97872
     4 -0.756802 1.97872
     4 -0.756802 1.97872
     4 -0.756802 1.97872
     4 -0.756802 1.97872
     4 -0.756802 1.97872
     4 -0.756802 1.97872
     4 -0.756802 1.97872
     4 -0.756802 1.97872
     4 -0.756802 1.97872
     4 -0.756802 1.97872
     4 -0.756802 1.97872
     4 -0.756802 1.97872
     4 -0.756802 1.97872
     4 -0.756802 1.97872
     4 -0.756802 1.97872
     4 -0.756802 1.97872
     4 -0.756802 1.97872
     4 -0.756802 1.97872
     4 -0.756802 1.97872
     4 -0.756802 1.97872
     4 -0.756802 1.97872
     4 -0.756802 1.97872
     4 -0.756802 1.97872
     4 -0.756802 1.97872
     4 -0.756802 1.97872
     4 -0.756802 1.97872
     4 -0.756802 1.97872
     4 -0.756802 1.97872
     4 -0.756802 1.97872
     4 -0.756802 1.97872
     4 -0.756802 1.97872
     4 -0.756802 1.97872
     4 -0.756802 1.97872
     4 -0.756802 1.97872
     4 -0.756802 1.97872
     4 -0.756802 1.97872
     4 -0.756802 1.97872
     4 -0.756802 1.97872
     4 -0.756802 1.97872
     4 -0.756802 1.97872
     4 -0.756802 1.97872
     4 -0.756802 1.97872
     5 -0.958924 -1.08804
     5 -0.958924 -1.08804
     5 -0.958924 -1.08804
     5 -0.958924 -1.08804
     5 -0.958924 -1.08804
     5 -0.958924 -1.08804
     5 -0.958924 -1.08804
     5 -0.958924 -1.08804
     5 -0.958924 -1.08804
     5 -0.958924 -1.08804
     5 -0.958924 -1.08804
     5 -0.958924 -1.08804
     5 -0.958924 -1.08804
     5 -0.958924 -1.08804
     5 -0.958924 -1.08804
     5 -0.958924 -1.08804
     5 -0.958924 -1.08804
     5 -0.958924 -1.08804
     5 -0.958924 -1.08804
     5 -0.958924 -1.08804
     5 -0.958924 -1.08804
     5 -0.958924 -1.08804
     5 -0.958924 -1.08804
     5 -0.958924 -1.08804
     5 -0.958924 -1.08804
     5 -0.958924 -1.08804
     5 -0.958924 -1.08804
     5 -0.958924 -1.08804
     5 -0.958924 -1.08804
     5 -0.958924 -1.08804
     5 -0.958924 -1.08804
     5 -0.958924 -1.08804
     5 -0.958924 -1.08804
     5 -0.958924 -1.08804
     5 -0.958924 -1.08804
     5 -0.958924 -1.08804
     5 -0.958924 -1.08804
     5 -0.958924 -1.08804
     5 -0.958924 -1.08804
     5 -0.958924 -1.08804
     5 -0.958924 -1.08804
     5 -0.958924 -1.08804
     5 -0.958924 -1.08804
     5 -0.958924 -1.08804
     5 -0.958924 -1.08804
     5 -0.958924 -1.08804
     5 -0.958924 -1.08804
     5 -0.958924 -1.08804
     5 -0.958924 -1.08804
     5 -0.958924 -1.08804
     5 -0.958924 -1.08804
     5 -0.958924 -1.08804
     5 -0.958924 -1.08804
     5 -0.958924 -1.08804
     5 -0.958924 -1.08804
     5 -0.958924 -1.08804
     5 -0.958924 -1.08804
     5 -0.958924 -1.08804
     5 -0.958924 -1.08804
     5 -0.958924 -1.08804
     5 -0.958924 -1.08804
     5 -0.958924 -1.08804
     5 -0.958924 -1.08804
     5 -0.958924 -1.08804
     5 -0.958924 -1.08804
     5 -0.958924 -1.08804
     5 -0.958924 -1.08804
     5 -0.958924 -1.08804
     5 -0.958924 -1.08804
     5 -0.958924 -1.08804
     5 -0.958924 -1.08804
     5 -0.958924 -1.08804
     5 -0.958924 -1.08804
     5 -0.958924 -1.08804
     5 -0.958924 -1.08804
     5 -0.958924 -1.08804
     5 -0.958924 -1.08804
     5 -0.958924 -1.08804
     5 -0.958924 -1.08804
     5 -0.958924 -1.08804
     5 -0.958924 -1.08804
     5 -0.958924 -1.08804
     5 -0.958924 -1.08804
     5 -0.958924 -1.08804
     5 -0.958924 -1.08804
     5 -0.958924 -1.08804
     5 -0.958924 -1.08804
     5 -0.958924 -1.08804
     5 -0.958924 -1.08804
     5 -0.958924 -1.08804
     5 -0.958924 -1.08804
     5 -0.958924 -1.08804
     5 -0.958924 -1.08804
     5 -0.958924 -1.08804
     5 -0.958924 -1.08804
     5 -0.958924 -1.08804
     5 -0.958924 -1.08804
     5 -0.958924 -1.08804
     5 -0.958924 -1.08804
     5 -0.958924 -1.08804
     6 -0.279415 -1.07315
     6 -0.279415 -1.07315
     6 -0.279415 -1.07315
     6 -0.279415 -1.07315
     6 -0.279415 -1.07315
     6 -0.279415 -1.07315
     6 -0.279415 -1.07315
     6 -0.279415 -1.07315
     6 -0.279415 -1.07315
     6 -0.279415 -1.07315
     6 -0.279415 -1.07315
     6 -0.279415 -1.07315
     6 -0.279415 -1.07315
     6 -0.279415 -1.07315
     6 -0.279415 -1.07315
     6 -0.279415 -1.07315
     6 -0.279415 -1.07315
     6 -0.279415 -1.07315
     6 -0.279415 -1.07315
     6 -0.279415 -1.07315
     6 -0.279415 -1.07315
     6 -0.279415 -1.07315
     6 -0.279415 -1.07315
     6 -0.279415 -1.07315
     6 -0.279415 -1.07315
     6 -0.279415 -1.07315
     6 -0.279415 -1.07315
     6 -0.279415 -1.07315
     6 -0.279415 -1.07315
     6 -0.279415 -1.07315
