0 1 1
0 1 1
0 1 1
0 1 1
0 1 1
0 1 1
0 1 1
0 1 1
0 1 1
0 1 1
1 2.71828 2.71828
1 2.71828 2.71828
1 2.71828 2.71828
1 2.71828 2.71828
1 2.71828 2.71828
1 2.71828 2.71828
1 2.71828 2.71828
1 2.71828 2.71828
1 2.71828 2.71828
1 2.71828 2.71828
2 7.38906 7.38906
2 7.38906 7.38906
2 7.38906 7.38906
2 7.38906 7.38906
2 7.38906 7.38906
2 7.38906 7.38906
2 7.38906 7.38906
2 7.38906 7.38906
2 7.38906 7.38906
2 7.38906 7.38906
3 20.0855 20.0855
3 20.0855 20.0855
3 20.0855 20.0855
3 20.0855 20.0855
3 20.0855 20.0855
3 20.0855 20.0855
3 20.0855 20.0855
3 20.0855 20.0855
3 20.0855 20.0855
3 20.0855 20.0855
4 54.5982 54.5982
4 54.5982 54.5982
4 54.5982 54.5982
4 54.5982 54.5982
4 54.5982 54.5982
4 54.5982 54.5982
4 54.5982 54.5982
4 54.5982 54.5982
4 54.5982 54.5982
4 54.5982 54.5982
5 148.413 148.413
5 148.413 148.413
5 148.413 148.413
5 148.413 148.413
5 148.413 148.413
5 148.413 148.413
5 148.413 148.413
5 148.413 148.413
5 148.413 148.413
5 148.413 148.413
6 403.429 403.429
6 403.429 403.429
6 403.429 403.429
6 403.429 403.429
6 403.429 403.429
6 403.429 403.429
6 403.429 403.429
6 403.429 403.429
6 403.429 403.429
6 403.429 403.429
7 1096.63 1096.63
7 1096.63 1096.63
7 1096.63 1096.63
7 1096.63 1096.63
7 1096.63 1096.63
7 1096.63 1096.63
7 1096.63 1096.63
7 1096.63 1096.63
7 1096.63 1096.63
7 1096.63 1096.63
8 2980.96 2980.96
8 2980.96 2980.96
8 2980.96 2980.96
8 2980.96 2980.96
8 2980.96 2980.96
8 2980.96 2980.96
8 2980.96 2980.96
8 2980.96 2980.96
8 2980.96 2980.96
8 2980.96 2980.96
9 8103.08 8103.08
9 8103.08 8103.08
9 8103.08 8103.08
9 8103.08 8103.08
9 8103.08 8103.08
9 8103.08 8103.08
9 8103.08 8103.08
9 8103.08 8103.08
9 8103.08 8103.08
9 8103.08 8103.08
10 22026.5 22026.5
