# index 0: data
0.06 0.78
0.36 0.92
0.5 2.72
1.08 3.72
1.22 4.96
1.9 5.56
2.16 6.34
2.8 5.86
3.32 5.3
3.66 4.6
4 4
4.56 3.14
4.74 2.26
5.1 1
5.18 0.32
5.56 0


# index 1: interpolations
0.06 0.78 0.78 0.78
0.1225 0.809167 0.517088 -8.45369
0.185 0.838333 0.333689 -8.22394
0.2475 0.8675 0.309317 -4.7726
0.31 0.896667 0.523484 -1.18702
0.3725 1.08071 1.05518 1.31429
0.435 1.88429 1.87177 2.52864
0.4975 2.68786 2.6916 2.72729
0.56 2.82345 3.25517 2.33174
0.6225 2.93121 3.55495 1.73836
0.685 3.03897 3.65438 1.23933
0.7475 3.14672 3.61694 1.00277
0.81 3.25448 3.50609 1.08571
0.8725 3.36224 3.38529 1.46218
0.935 3.47 3.31801 2.05517
0.9975 3.57776 3.36772 2.76578
1.06 3.68552 3.59787 3.49609
1.1225 4.09643 4.05827 4.16469
1.185 4.65 4.64713 4.71519
1.2475 4.98426 5.17152 5.11863
1.31 5.03941 5.53545 5.37147
1.3725 5.09456 5.75805 5.49056
1.435 5.14971 5.86493 5.50665
1.4975 5.20485 5.88174 5.45749
1.56 5.26 5.83411 5.38159
1.6225 5.31515 5.74768 5.31315
1.685 5.37029 5.64809 5.27844
1.7475 5.42544 5.56098 5.29393
1.81 5.48059 5.51197 5.3658
1.8725 5.53574 5.52671 5.49078
1.935 5.665 5.62888 5.65794
1.9975 5.8525 5.80769 5.85108
2.06 6.04 6.02288 6.05135
2.1225 6.2275 6.23324 6.23977
2.185 6.32125 6.3981 6.39953
2.2475 6.27438 6.49759 6.51764
2.31 6.2275 6.53883 6.58601
2.3725 6.18063 6.53076 6.60191
2.435 6.13375 6.48234 6.56775
2.4975 6.08688 6.40249 6.49031
2.56 6.04 6.30016 6.37964
2.6225 5.99313 6.18428 6.24765
2.685 5.94625 6.0638 6.10665
2.7475 5.89938 5.94766 5.96795
2.81 5.84923 5.84479 5.8407
2.8725 5.78192 5.76055 5.73102
2.935 5.71462 5.69134 5.64158
2.9975 5.64731 5.63224 5.57155
3.06 5.58 5.57828 5.51698
3.1225 5.51269 5.52453 5.47153
3.185 5.44538 5.46602 5.42744
3.2475 5.37808 5.39781 5.37666
3.31 5.31077 5.31495 5.31202
3.3725 5.19191 5.21342 5.2282
3.435 5.06324 5.09522 5.12255
3.4975 4.93456 4.96476 4.99559
3.56 4.80588 4.82649 4.85098
3.6225 4.67721 4.6848 4.69526
3.685 4.55588 4.54414 4.537
3.7475 4.44559 4.40877 4.38576
3.81 4.33529 4.28282 4.25076
3.8725 4.225 4.17038 4.13947
3.935 4.11471 4.07554 4.05631
3.9975 4.00441 4.00242 4.00164
4.06 3.90786 3.95281 3.97114
4.1225 3.81187 3.91823 3.95587
4.185 3.71589 3.88729 3.9429
4.2475 3.61991 3.84859 3.91674
4.31 3.52393 3.79074 3.86126
4.3725 3.42795 3.70235 3.76218
4.435 3.33196 3.57203 3.60964
4.4975 3.23598 3.38837 3.40049
4.56 3.14 3.14 3.14
4.6225 2.83444 2.82809 2.8422
4.685 2.52889 2.50414 2.52862
4.7475 2.23375 2.23221 2.22493
4.81 2.015 2.04904 1.95526
4.8725 1.79625 1.91496 1.7346
4.935 1.5775 1.77696 1.55985
4.9975 1.35875 1.58205 1.4013
5.06 1.14 1.27724 1.19689
5.1225 0.80875 0.812415 0.85353
5.185 0.315789 0.28206 0.260922
5.2475 0.263158 -0.0848839 -0.67415
5.31 0.210526 -0.277319 -1.96278
5.3725 0.157895 -0.330146 -3.42469
5.435 0.105263 -0.278267 -4.51794
5.4975 0.0526316 -0.156584 -4.08648


# index 2: integrals
0.06 0 0 0
0.1225 0.0496615 0.0403269 -0.312547
0.185 0.101146 0.0662925 -0.862984
0.2475 0.154453 0.0853511 -1.27557
0.31 0.209583 0.109927 -1.45802
0.3725 0.267504 0.157411 -1.44721
0.435 0.360161 0.24804 -1.32086
0.4975 0.50304 0.39145 -1.15239
0.56 0.676103 0.578826 -0.992304
0.6225 0.855936 0.792851 -0.864962
0.685 1.0425 1.01902 -0.772955
0.7475 1.23581 1.2468 -0.704499
0.81 1.43584 1.46961 -0.640894
0.8725 1.64262 1.68485 -0.562635
0.935 1.85613 1.89388 -0.453596
0.9975 2.07637 2.10204 -0.303289
1.06 2.30334 2.31861 -0.107475
1.1225 2.5435 2.55671 0.132418
1.185 2.81683 2.82859 0.410631
1.2475 3.12173 3.13621 0.718736
1.31 3.43497 3.47161 1.04731
1.3725 3.75166 3.8252 1.38737
1.435 4.07179 4.18895 1.73148
1.4975 4.39537 4.55644 2.07434
1.56 4.7224 4.92283 2.41311
1.6225 5.05287 5.28489 2.7472
1.685 5.38679 5.64101 3.07796
1.7475 5.72416 5.99117 3.40806
1.81 6.06497 6.33693 3.74089
1.8725 6.40923 6.68149 4.0799
1.935 6.75824 7.02961 4.42812
1.9975 7.11816 7.38671 4.78769
2.06 7.4898 7.75633 5.15965
2.1225 7.87316 8.13947 5.54386
2.185 8.26707 8.53453 5.93902
2.2475 8.66068 8.93785 6.34293
2.31 9.05136 9.34552 6.75269
2.3725 9.43912 9.75418 7.16508
2.435 9.82394 10.161 7.57688
2.4975 10.2058 10.5638 7.98514
2.56 10.5848 10.9609 8.38747
2.6225 10.9608 11.3511 8.78215
2.685 11.3339 11.7338 9.16824
2.7475 11.7041 12.1091 9.54554
2.81 12.0713 12.4775 9.91448
2.8725 12.4348 12.8401 10.276
2.935 12.7941 13.1979 10.6313
2.9975 13.1491 13.5517 10.9816
3.06 13.5 13.9021 11.328
3.1225 13.8466 14.249 11.6714
3.185 14.1891 14.5925 12.012
3.2475 14.5273 14.9321 12.3497
3.31 14.8613 15.2669 12.6838
3.3725 15.1898 15.5961 13.0133
3.435 15.5103 15.9183 13.3369
3.4975 15.8227 16.2327 13.6532
3.56 16.1271 16.5387 13.961
3.6225 16.4235 16.8359 14.2593
3.685 16.7118 17.1243 14.5478
3.7475 16.9931 17.4041 14.8266
3.81 17.2675 17.6756 15.0964
3.8725 17.5351 17.9397 15.3584
3.935 17.7957 18.1973 15.6144
3.9975 18.0494 18.4496 15.8661
4.06 18.2966 18.6981 16.1151
4.1225 18.5379 18.944 16.3628
4.185 18.7731 19.1879 16.6096
4.2475 19.0024 19.4298 16.8554
4.31 19.2256 19.6686 17.0986
4.3725 19.4429 19.903 17.3371
4.435 19.6541 20.1305 17.5678
4.4975 19.8594 20.3484 17.7871
4.56 20.0586 20.5527 17.9918
4.6225 20.2453 20.7395 18.1788
4.685 20.4129 20.906 18.3467
4.7475 20.5615 21.0536 18.4951
4.81 20.6942 21.187 18.6255
4.8725 20.8133 21.3107 18.7406
4.935 20.9188 21.4263 18.8433
4.9975 21.0105 21.5317 18.9359
5.06 21.0886 21.6217 19.0176
5.1225 21.1517 21.6879 19.0826
5.185 21.1858 21.7217 19.1191
5.2475 21.2039 21.7269 19.1081
5.31 21.2187 21.7148 19.0273
5.3725 21.2302 21.6951 18.8589
5.435 21.2384 21.6757 18.6065
5.4975 21.2434 21.6618 18.3252
