#index 0: quadratic spline data for y=1(x f(x) df_dx F(x))
1.0396 1 0 0.039604 
1.08911 1 0 0.0891089 
1.13861 1 0 0.138614 
1.18812 1 0 0.188119 
1.23762 1 0 0.237624 
1.28713 1 0 0.287129 
1.33663 1 0 0.336634 
1.38614 1 0 0.386139 
1.43564 1 0 0.435644 
1.48515 1 0 0.485149 
1.53465 1 0 0.534653 
1.58416 1 0 0.584158 
1.63366 1 0 0.633663 
1.68317 1 0 0.683168 
1.73267 1 0 0.732673 
1.78218 1 0 0.782178 
1.83168 1 0 0.831683 
1.88119 1 0 0.881188 
1.93069 1 0 0.930693 
1.9802 1 0 0.980198 
2.0297 1 0 1.0297 
2.07921 1 0 1.07921 
2.12871 1 0 1.12871 
2.17822 1 0 1.17822 
2.22772 1 0 1.22772 
2.27723 1 0 1.27723 
2.32673 1 0 1.32673 
2.37624 1 0 1.37624 
2.42574 1 0 1.42574 
2.47525 1 0 1.47525 
2.52475 1 0 1.52475 
2.57426 1 0 1.57426 
2.62376 1 0 1.62376 
2.67327 1 0 1.67327 
2.72277 1 0 1.72277 
2.77228 1 0 1.77228 
2.82178 1 0 1.82178 
2.87129 1 0 1.87129 
2.92079 1 0 1.92079 
2.9703 1 0 1.9703 
3.0198 1 0 2.0198 
3.06931 1 0 2.06931 
3.11881 1 0 2.11881 
3.16832 1 0 2.16832 
3.21782 1 0 2.21782 
3.26733 1 0 2.26733 
3.31683 1 0 2.31683 
3.36634 1 0 2.36634 
3.41584 1 0 2.41584 
3.46535 1 0 2.46535 
3.51485 1 0 2.51485 
3.56436 1 0 2.56436 
3.61386 1 0 2.61386 
3.66337 1 0 2.66337 
3.71287 1 0 2.71287 
3.76238 1 0 2.76238 
3.81188 1 0 2.81188 
3.86139 1 0 2.86139 
3.91089 1 0 2.91089 
3.9604 1 0 2.9604 
4.0099 1 0 3.0099 
4.05941 1 0 3.05941 
4.10891 1 0 3.10891 
4.15842 1 0 3.15842 
4.20792 1 0 3.20792 
4.25743 1 0 3.25743 
4.30693 1 0 3.30693 
4.35644 1 0 3.35644 
4.40594 1 0 3.40594 
4.45545 1 0 3.45545 
4.50495 1 0 3.50495 
4.55446 1 0 3.55446 
4.60396 1 0 3.60396 
4.65347 1 0 3.65347 
4.70297 1 0 3.70297 
4.75248 1 0 3.75248 
4.80198 1 0 3.80198 
4.85149 1 0 3.85149 

 
#index 1: quadratic spline data for y=i(x f(x) df_dx F(x))
1.0396 1.0396 1 0.0403882 
1.08911 1.08911 1 0.0930791 
1.13861 1.13861 1 0.148221 
1.18812 1.18812 1 0.205813 
1.23762 1.23762 1 0.265856 
1.28713 1.28713 1 0.32835 
1.33663 1.33663 1 0.393295 
1.38614 1.38614 1 0.46069 
1.43564 1.43564 1 0.530536 
1.48515 1.48515 1 0.602833 
1.53465 1.53465 1 0.677581 
1.58416 1.58416 1 0.754779 
1.63366 1.63366 1 0.834428 
1.68317 1.68317 1 0.916528 
1.73267 1.73267 1 1.00108 
1.78218 1.78218 1 1.08808 
1.83168 1.83168 1 1.17753 
1.88119 1.88119 1 1.26943 
1.93069 1.93069 1 1.36379 
1.9802 1.9802 1 1.46059 
2.0297 2.0297 1 1.55985 
2.07921 2.07921 1 1.66155 
2.12871 2.12871 1 1.76571 
2.17822 2.17822 1 1.87232 
2.22772 2.22772 1 1.98137 
2.27723 2.27723 1 2.09288 
2.32673 2.32673 1 2.20684 
2.37624 2.37624 1 2.32325 
2.42574 2.42574 1 2.44211 
2.47525 2.47525 1 2.56343 
2.52475 2.52475 1 2.68719 
2.57426 2.57426 1 2.8134 
2.62376 2.62376 1 2.94206 
2.67327 2.67327 1 3.07318 
2.72277 2.72277 1 3.20674 
2.77228 2.77228 1 3.34276 
2.82178 2.82178 1 3.48123 
2.87129 2.87129 1 3.62214 
2.92079 2.92079 1 3.76551 
2.9703 2.9703 1 3.91133 
3.0198 3.0198 1 4.0596 
3.06931 3.06931 1 4.21032 
3.11881 3.11881 1 4.36349 
3.16832 3.16832 1 4.51912 
3.21782 3.21782 1 4.67719 
3.26733 3.26733 1 4.83771 
3.31683 3.31683 1 5.00069 
3.36634 3.36634 1 5.16611 
3.41584 3.41584 1 5.33399 
3.46535 3.46535 1 5.50431 
3.51485 3.51485 1 5.67709 
3.56436 3.56436 1 5.85232 
3.61386 3.61386 1 6.03 
3.66337 3.66337 1 6.21013 
3.71287 3.71287 1 6.39271 
3.76238 3.76238 1 6.57774 
3.81188 3.81188 1 6.76522 
3.86139 3.86139 1 6.95515 
3.91089 3.91089 1 7.14753 
3.9604 3.9604 1 7.34237 
4.0099 4.0099 1 7.53965 
4.05941 4.05941 1 7.73939 
4.10891 4.10891 1 7.94157 
4.15842 4.15842 1 8.14621 
4.20792 4.20792 1 8.3533 
4.25743 4.25743 1 8.56284 
4.30693 4.30693 1 8.77483 
4.35644 4.35644 1 8.98927 
4.40594 4.40594 1 9.20616 
4.45545 4.45545 1 9.4255 
4.50495 4.50495 1 9.64729 
4.55446 4.55446 1 9.87153 
4.60396 4.60396 1 10.0982 
4.65347 4.65347 1 10.3274 
4.70297 4.70297 1 10.559 
4.75248 4.75248 1 10.793 
4.80198 4.80198 1 11.0295 
4.85149 4.85149 1 11.2685 

 
#index 0: quadratic spline data for y=i^2(x f(x) df_dx F(x))
1.0396 1.08078 2.07921 0.0411931 
1.08911 1.18616 2.17822 0.0972852 
1.13861 1.29644 2.27723 0.158715 
1.18812 1.41163 2.37624 0.225727 
1.23762 1.53171 2.47525 0.298561 
1.28713 1.6567 2.57426 0.377462 
1.33663 1.78659 2.67327 0.462672 
1.38614 1.92138 2.77228 0.554433 
1.43564 2.06107 2.87129 0.652988 
1.48515 2.20567 2.9703 0.758581 
1.53465 2.35516 3.06931 0.871452 
1.58416 2.50956 3.16832 0.991846 
1.63366 2.66886 3.26733 1.12 
1.68317 2.83306 3.36634 1.25617 
1.73267 3.00216 3.46535 1.40059 
1.78218 3.17616 3.56436 1.55349 
1.83168 3.35506 3.66337 1.71514 
1.88119 3.53887 3.76238 1.88576 
1.93069 3.72758 3.86139 2.0656 
1.9802 3.92118 3.9604 2.25491 
2.0297 4.11969 4.05941 2.45392 
2.07921 4.32311 4.15842 2.66288 
2.12871 4.53142 4.25743 2.88203 
2.17822 4.74463 4.35644 3.11161 
2.22772 4.96275 4.45545 3.35188 
2.27723 5.18577 4.55446 3.60306 
2.32673 5.41368 4.65347 3.8654 
2.37624 5.64651 4.75248 4.13915 
2.42574 5.88423 4.85149 4.42454 
2.47525 6.12685 4.9505 4.72182 
2.52475 6.37438 5.0495 5.03124 
2.57426 6.6268 5.14851 5.35303 
2.62376 6.88413 5.24752 5.68744 
2.67327 7.14636 5.34653 6.03471 
2.72277 7.41349 5.44554 6.39508 
2.77228 7.68552 5.54455 6.7688 
2.82178 7.96245 5.64356 7.1561 
2.87129 8.24429 5.74257 7.55724 
2.92079 8.53103 5.84158 7.97245 
2.9703 8.82266 5.94059 8.40198 
3.0198 9.1192 6.0396 8.84606 
3.06931 9.42065 6.13861 9.30495 
3.11881 9.72699 6.23762 9.77888 
3.16832 10.0382 6.33663 10.2681 
3.21782 10.3544 6.43564 10.7728 
3.26733 10.6754 6.53465 11.2934 
3.31683 11.0014 6.63366 11.8299 
3.36634 11.3322 6.73267 12.3827 
3.41584 11.668 6.83168 12.952 
3.46535 12.0086 6.93069 13.538 
3.51485 12.3542 7.0297 14.141 
3.56436 12.7046 7.12871 14.7613 
3.61386 13.06 7.22772 15.399 
3.66337 13.4203 7.32673 16.0544 
3.71287 13.7854 7.42574 16.7278 
3.76238 14.1555 7.52475 17.4194 
3.81188 14.5304 7.62376 18.1294 
3.86139 14.9103 7.72277 18.8581 
3.91089 15.2951 7.82178 19.6058 
3.9604 15.6847 7.92079 20.3726 
4.0099 16.0793 8.0198 21.1588 
4.05941 16.4788 8.11881 21.9647 
4.10891 16.8831 8.21782 22.7905 
4.15842 17.2924 8.31683 23.6364 
4.20792 17.7066 8.41584 24.5027 
4.25743 18.1257 8.51485 25.3896 
4.30693 18.5497 8.61386 26.2974 
4.35644 18.9785 8.71287 27.2263 
4.40594 19.4123 8.81188 28.1765 
4.45545 19.851 8.91089 29.1483 
4.50495 20.2946 9.0099 30.142 
4.55446 20.7431 9.10891 31.1578 
4.60396 21.1965 9.20792 32.1959 
4.65347 21.6547 9.30693 33.2565 
4.70297 22.1179 9.40594 34.34 
4.75248 22.586 9.50495 35.4465 
4.80198 23.059 9.60396 36.5763 
4.85149 23.5369 9.70297 37.7297 

 
