#index 0: data from sin(x)(x, sin(x),cos(x),-cos(x)+k=1)
0 0 1 0
0.1 0.0998334 0.995004 0.00499583
0.2 0.198669 0.980067 0.0199334
0.3 0.29552 0.955336 0.0446635
0.4 0.389418 0.921061 0.078939
0.5 0.479426 0.877583 0.122417
0.6 0.564642 0.825336 0.174664
0.7 0.644218 0.764842 0.235158
0.8 0.717356 0.696707 0.303293
0.9 0.783327 0.62161 0.37839
1 0.841471 0.540302 0.459698
1.1 0.891207 0.453596 0.546404
1.2 0.932039 0.362358 0.637642
1.3 0.963558 0.267499 0.732501
1.4 0.98545 0.169967 0.830033
1.5 0.997495 0.0707372 0.929263
1.6 0.999574 -0.0291995 1.0292
1.7 0.991665 -0.128844 1.12884
1.8 0.973848 -0.227202 1.2272
1.9 0.9463 -0.32329 1.32329
2 0.909297 -0.416147 1.41615
2.1 0.863209 -0.504846 1.50485
2.2 0.808496 -0.588501 1.5885
2.3 0.745705 -0.666276 1.66628
2.4 0.675463 -0.737394 1.73739
2.5 0.598472 -0.801144 1.80114
2.6 0.515501 -0.856889 1.85689
2.7 0.42738 -0.904072 1.90407
2.8 0.334988 -0.942222 1.94222
2.9 0.239249 -0.970958 1.97096
3 0.14112 -0.989992 1.98999
3.1 0.0415807 -0.999135 1.99914
3.2 -0.0583741 -0.998295 1.99829
3.3 -0.157746 -0.98748 1.98748
3.4 -0.255541 -0.966798 1.9668
3.5 -0.350783 -0.936457 1.93646
3.6 -0.44252 -0.896758 1.89676
3.7 -0.529836 -0.8481 1.8481
3.8 -0.611858 -0.790968 1.79097
3.9 -0.687766 -0.725932 1.72593
4 -0.756802 -0.653644 1.65364
4.1 -0.818277 -0.574824 1.57482
4.2 -0.871576 -0.490261 1.49026
4.3 -0.916166 -0.400799 1.4008
4.4 -0.951602 -0.307333 1.30733
4.5 -0.97753 -0.210796 1.2108
4.6 -0.993691 -0.112153 1.11215
4.7 -0.999923 -0.0123887 1.01239
4.8 -0.996165 0.087499 0.912501
4.9 -0.982453 0.186512 0.813488
5 -0.958924 0.283662 0.716338
5.1 -0.925815 0.377978 0.622022
5.2 -0.883455 0.468517 0.531483
5.3 -0.832267 0.554374 0.445626
5.4 -0.772764 0.634693 0.365307
5.5 -0.70554 0.70867 0.29133
5.6 -0.631267 0.775566 0.224434
5.7 -0.550686 0.834713 0.165287
5.8 -0.464602 0.88552 0.11448
5.9 -0.373877 0.927478 0.0725216
6 -0.279415 0.96017 0.0398297
6.1 -0.182163 0.983268 0.0167316
6.2 -0.0830894 0.996542 0.0034579
6.3 0.0168139 0.999859 0.000141364

 
#index 1: linear spline data(x f(x) F(x))
 0.30303 0.298366 0.0455261 
0.333333  0.32682 0.0549986 
0.363636 0.355274 0.0653334 
0.393939 0.383728 0.0765303 
0.424242 0.411238 0.0885781 
0.454545 0.438513 0.101453 
0.484848 0.465788 0.115155 
0.515152 0.492337 0.129677 
0.545455 0.518161 0.144988 
0.575758 0.543984 0.161081 
0.606061 0.569465 0.177955 
0.636364 0.593579 0.195577 
0.666667 0.617693  0.21393 
 0.69697 0.641806 0.233013 
0.727273 0.664165 0.252803 
0.757576 0.686328 0.273265 
0.787879 0.708491 0.294399 
0.818182 0.729351 0.316192 
0.848485 0.749342 0.338597 
0.878788 0.769333 0.361607 
0.909091 0.788613  0.38522 
0.939394 0.806232 0.409384 
0.969697 0.823852 0.434082 
       1 0.841471 0.459315 
  1.0303 0.856543 0.485042 
 1.06061 0.871614 0.511226 
 1.09091 0.886686 0.537867 
 1.12121 0.899869 0.564945 
 1.15152 0.912242 0.592401 
 1.18182 0.924615 0.620232 
 1.21212  0.93586 0.648431 
 1.24242 0.945411 0.676935 
 1.27273 0.954962 0.705729 
 1.30303 0.964222 0.734812 
 1.33333 0.970855 0.764131 
 1.36364 0.977489 0.793651 
 1.39394 0.984123 0.823373 
 1.42424  0.98837 0.853266 
 1.45455  0.99202 0.883272 
 1.48485  0.99567 0.913389 
 1.51515  0.99781 0.943604 
 1.54545  0.99844  0.97385 
 1.57576  0.99907  1.00412 
 1.60606 0.999094   1.0344 
 1.63636 0.996698  1.06464 
 1.66667 0.994301   1.0948 
 1.69697 0.991904   1.1249 
 1.72727 0.986806  1.15488 
 1.75758 0.981406   1.1847 
 1.78788 0.976007  1.21436 
 1.81818 0.968839  1.24384 
 1.84848 0.960491  1.27307 
 1.87879 0.952144  1.30205 
 1.90909 0.942936  1.33077 
 1.93939 0.931723  1.35918 
  1.9697  0.92051  1.38724 
       2 0.909297  1.41497 
  2.0303 0.895331  1.44231 
 2.06061 0.881365  1.46923 
 2.09091 0.867399  1.49573 
 2.12121 0.851604  1.52178 
 2.15152 0.835024  1.54733 
 2.18182 0.818444  1.57239 
 2.21212 0.800885  1.59693 
 2.24242 0.781858  1.62091 
 2.27273  0.76283  1.64432 
 2.30303 0.743577  1.66714 
 2.33333 0.722291  1.68935 
 2.36364 0.701006  1.71092 
 2.39394  0.67972  1.73184 
 2.42424 0.656799  1.75209 
 2.45455 0.633468  1.77164 
 2.48485 0.610137  1.79049 
 2.51515 0.585901  1.80861 
 2.54545 0.560758  1.82599 
 2.57576 0.535615   1.8426 
 2.60606 0.510161  1.85845 
 2.63636 0.483457   1.8735 
 2.66667 0.456754  1.88775 
 2.69697  0.43005  1.90119 
 2.72727 0.402182   1.9138 
 2.75758 0.374185  1.92556 
 2.78788 0.346187  1.93648 
 2.81818 0.317581  1.94654 
 2.84848 0.288569  1.95572 
 2.87879 0.259558  1.96403 
 2.90909 0.230328  1.97145 
 2.93939 0.200592  1.97798 
  2.9697 0.170856  1.98361 
       3  0.14112  1.98833 
  3.0303 0.110957  1.99215 
 3.06061 0.0807931  1.99506 
 3.09091 0.0506297  1.99705 
 3.12121 0.0203781  1.99813 
 3.15152 -0.00991121  1.99828 
 3.18182 -0.0402005  1.99753 
 3.21212 -0.0704192  1.99585 
 3.24242 -0.100532  1.99326 
 3.27273 -0.130644  1.98976 
 3.30303 -0.160709  1.98534 
 3.33333 -0.190344  1.98002 
 3.36364 -0.219979   1.9738 
 3.39394 -0.249614  1.96669 
 3.42424 -0.27863  1.95868 
 3.45455 -0.307491   1.9498 
 3.48485 -0.336353  1.94005 
 3.51515 -0.364683  1.92942 
 3.54545 -0.392482  1.91795 
 3.57576 -0.420281  1.90564 
 3.60606 -0.447812  1.89248 
 3.63636 -0.474272  1.87851 
 3.66667 -0.500731  1.86374 
 3.69697 -0.52719  1.84816 
 3.72727 -0.552206   1.8318 
 3.75758 -0.577061  1.81469 
 3.78788 -0.601916  1.79683 
 3.81818 -0.625659  1.77822 
 3.84848 -0.648662  1.75892 
 3.87879 -0.671664  1.73891 
 3.90909 -0.694042  1.71821 
 3.93939 -0.714962  1.69686 
  3.9697 -0.735882  1.67488 
       4 -0.756802  1.65227 
  4.0303 -0.775431  1.62905 
 4.06061 -0.79406  1.60527 
 4.09091 -0.812689  1.58092 
 4.12121 -0.829583  1.55603 
 4.15152 -0.845734  1.53065 

 
#index 2: quadratic spline data(x f(x) df_dx F(x))
 0.30303 0.298417 0.955489 0.0455627 
0.333333  0.32721 0.944839 0.0550428 
0.363636  0.35568 0.934189 0.0653904 
0.393939 0.383828 0.923539 0.0765959 
0.424242  0.41163 0.911064 0.0886492 
0.454545 0.439042 0.898132 0.101539 
0.484848 0.466062 0.885201 0.115254 
0.515152 0.492679 0.870685 0.129781 
0.545455 0.518819 0.854584 0.145108 
0.575758 0.544472 0.838484  0.16122 
0.606061 0.569635 0.821986 0.178102 
0.636364  0.59427 0.803894 0.195738 
0.666667 0.618356 0.785802 0.214113 
 0.69697 0.641894  0.76771 0.233209 
0.727273 0.664849 0.747073 0.253009 
0.757576 0.687171 0.726154 0.273496 
0.787879 0.708858 0.705235  0.29465 
0.818182 0.729904 0.683355 0.316451 
0.848485  0.75027 0.660834 0.338879 
0.878788 0.769954 0.638313 0.361915 
0.909091 0.788952 0.615075 0.385536 
0.939394 0.807214 0.590161 0.409723 
0.969697  0.82472 0.565247 0.434451 
       1 0.841471 0.540333 0.459698 
  1.0303  0.85745 0.514291 0.485441 
 1.06061  0.87264 0.488249 0.511657 
 1.09091 0.887041 0.462207  0.53832 
 1.12121 0.900639 0.434847 0.565409 
 1.15152 0.913393 0.406921 0.592896 
 1.18182 0.925301 0.378995 0.620757 
 1.21212 0.936361 0.350834 0.648966 
 1.24242  0.94656  0.32232 0.677498 
 1.27273 0.955895 0.293805 0.706325 
 1.30303 0.964366 0.265159 0.735422 
 1.33333 0.971949 0.235324 0.764762 
 1.36364 0.978628  0.20549 0.794319 
 1.39394 0.984403 0.175656 0.824064 
 1.42424 0.989274 0.145817 0.853971 
 1.45455 0.993241 0.115977 0.884011 
 1.48485 0.996303 0.0861364 0.914158 
 1.51515 0.998458 0.0559345 0.944384 
 1.54545  0.99969 0.0253707 0.974661 
 1.57576 0.999996 -0.00519304  1.00496 
 1.60606 0.999376 -0.0356373  1.03526 
 1.63636 0.997842 -0.0656032  1.06552 
 1.66667   0.9954 -0.0955692  1.09572 
 1.69697  0.99205 -0.125535  1.12584 
 1.72727  0.98779 -0.155608  1.15584 
 1.75758 0.982619 -0.185693   1.1857 
 1.78788 0.976536 -0.215778  1.21538 
 1.81818 0.969548 -0.245144  1.24487 
 1.84848 0.961682 -0.274031  1.27413 
 1.87879  0.95294 -0.302918  1.30315 
 1.90909 0.943324 -0.331664  1.33188 
 1.93939 0.932843 -0.360081  1.36031 
  1.9697 0.921501 -0.388497  1.38841 
       2 0.909297 -0.416914  1.41615 
  2.0303  0.89626 -0.44356  1.44351 
 2.06061 0.882415 -0.470207  1.47046 
 2.09091 0.867763 -0.496853  1.49698 
 2.12121  0.85231 -0.522785  1.52304 
 2.15152  0.83608 -0.548411  1.54863 
 2.18182 0.819073 -0.574037  1.57371 
 2.21212 0.801295 -0.598745  1.59826 
 2.24242 0.782798 -0.622079  1.62226 
 2.27273 0.763594 -0.645412  1.64569 
 2.30303 0.743682 -0.668594  1.66853 
 2.33333 0.723091 -0.690417  1.69076 
 2.36364 0.701839 -0.712241  1.71235 
 2.39394 0.679925 -0.734064  1.73329 
 2.42424 0.657377 -0.753693  1.75355 
 2.45455 0.634249 -0.772772  1.77312 
 2.48485 0.610542 -0.791852  1.79198 
 2.51515 0.586265 -0.809972  1.81012 
 2.54545  0.56146 -0.827134  1.82751 
 2.57576 0.536136 -0.844295  1.84414 
 2.60606 0.510293 -0.860835     1.86 
 2.63636 0.483994 -0.87489  1.87506 
 2.66667 0.457269 -0.888945  1.88933 
 2.69697 0.430118 -0.903001  1.90277 
 2.72727 0.402569 -0.915049  1.91539 
 2.75758 0.374661 -0.926874  1.92717 
 2.78788 0.346395 -0.938699  1.93809 
 2.81818 0.317789 -0.948505  1.94816 
 2.84848 0.288918 -0.956965  1.95735 
 2.87879 0.259791 -0.965426  1.96567 
 2.90909 0.230411 -0.973156  1.97309 
 2.93939  0.20083 -0.979184  1.97963 
  2.9697 0.171066 -0.985211  1.98526 
       3  0.14112 -0.991238  1.98999 
  3.0303 0.111044 -0.993757  1.99381 
 3.06061 0.0808923 -0.996275  1.99672 
 3.09091 0.050664 -0.998793  1.99872 
 3.12121 0.0203781 -0.999548  1.99979 
 3.15152 -0.00991122 -0.999548  1.99995 
 3.18182 -0.0402005 -0.999548  1.99919 
 3.21212 -0.0704813 -0.998134  1.99751 
 3.24242 -0.100674 -0.994599  1.99492 
 3.27273 -0.13076 -0.991065  1.99141 
 3.30303 -0.160738 -0.987282    1.987 
 3.33333 -0.190565 -0.981264  1.98167 
 3.36364 -0.220209 -0.975246  1.97545 
 3.39394 -0.249671 -0.969228  1.96833 
 3.42424 -0.278917 -0.960459  1.96032 
 3.45455 -0.307878 -0.951003  1.95143 
 3.48485 -0.336553 -0.941546  1.94166 
 3.51515 -0.364933 -0.930925  1.93103 
 3.54545 -0.392964 -0.91914  1.91955 
 3.57576 -0.420638 -0.907355  1.90722 
 3.60606 -0.447953 -0.894924  1.89406 
 3.63636 -0.474845 -0.879912  1.88008 
 3.66667 -0.501281  -0.8649  1.86529 
 3.69697 -0.527263 -0.849889   1.8497 
 3.72727 -0.552764 -0.833022  1.83334 
 3.75758 -0.577749 -0.815949  1.81621 
 3.78788 -0.602216 -0.798877  1.79833 
 3.81818 -0.62615 -0.78006  1.77971 
 3.84848 -0.649485 -0.760082  1.76038 
 3.87879 -0.672215 -0.740103  1.74036 
 3.90909 -0.694338 -0.719617  1.71965 
 3.93939 -0.715816 -0.697948  1.69828 
  3.9697 -0.736638 -0.676278  1.67627 
       4 -0.756802 -0.654609  1.65364 
  4.0303 -0.776273 -0.63045  1.63041 
 4.06061 -0.795012 -0.60629  1.60661 
 4.09091 -0.813018 -0.582131  1.58224 
 4.12121 -0.830283 -0.557109  1.55734 
 4.15152 -0.84678 -0.531717  1.53193 

 
#index 3: cubic spline data(x f(x) df_dx F(x))
 0.30303 0.298414 0.954435 0.0455634 
0.333333 0.327195 0.944955 0.055043 
0.363636 0.355675 0.934612 0.0653903 
0.393939 0.383829 0.923405 0.0765958 
0.424242  0.41163 0.911347 0.0886492 
0.454545 0.439054 0.898462 0.101539 
0.484848 0.466074 0.884749 0.115254 
0.515152 0.492667 0.870214 0.129782 
0.545455 0.518807 0.854891 0.145108 
0.575758  0.54447 0.838784  0.16122 
0.606061 0.569634 0.821896 0.178102 
0.636364 0.594275 0.804259 0.195738 
0.666667  0.61837 0.785891 0.214113 
 0.69697 0.641897 0.766792 0.233209 
0.727273 0.664835 0.746985  0.25301 
0.757576 0.687162 0.726506 0.273496 
0.787879 0.708859 0.705355 0.294649 
0.818182 0.729904 0.683543 0.316451 
0.848485 0.750279  0.66112 0.338879 
0.878788 0.769966 0.638091 0.361915 
0.909091 0.788945 0.614458 0.385537 
0.939394   0.8072 0.590274 0.409723 
0.969697 0.824714 0.565555  0.43445 
       1 0.841471 0.540302 0.459698 
  1.0303 0.857455 0.514553 0.485441 
 1.06061 0.872651 0.488347 0.511657 
 1.09091 0.887047 0.461684 0.538321 
 1.12121 0.900628 0.434584 0.565409 
 1.15152 0.913382 0.407105 0.592896 
 1.18182 0.925297  0.37925 0.620757 
 1.21212 0.936363 0.351028 0.648966 
 1.24242 0.946568   0.3225 0.677497 
 1.27273 0.955905 0.293682 0.706325 
 1.30303 0.964364 0.264575 0.735422 
 1.33333 0.971938 0.235232 0.764762 
 1.36364 0.978619 0.205687 0.794318 
 1.39394 0.984402  0.17594 0.824063 
 1.42424  0.98928 0.146022  0.85397 
 1.45455  0.99325 0.115991 0.884011 
 1.48485 0.996309 0.0858495 0.914158 
 1.51515 0.998452 0.0556086 0.944384 
 1.54545 0.999679 0.0253372 0.974661 
 1.57576 0.999988 -0.00495333  1.00496 
 1.60606 0.999378 -0.0352611  1.03526 
 1.63636 0.997851 -0.0655256  1.06552 
 1.66667 0.995408 -0.0957174  1.09572 
 1.69697 0.992051 -0.125837  1.12584 
 1.72727 0.987782 -0.155846  1.15584 
 1.75758 0.982607 -0.185692   1.1857 
 1.78788  0.97653 -0.215375  1.21538 
 1.81818 0.969556 -0.244877  1.24487 
 1.84848 0.961691 -0.274134  1.27413 
 1.87879 0.952944 -0.303138  1.30315 
 1.90909 0.943322 -0.331884  1.33188 
 1.93939 0.932833 -0.360312  1.36031 
  1.9697 0.921488 -0.388399  1.38841 
       2 0.909297 -0.416147  1.41615 
  2.0303 0.896271 -0.443512  1.44351 
 2.06061 0.882422 -0.470454  1.47046 
 2.09091 0.867763 -0.496973  1.49698 
 2.12121 0.852307 -0.523048  1.52304 
 2.15152 0.836068 -0.548625  1.54862 
 2.18182 0.819062 -0.573698   1.5737 
 2.21212 0.801304 -0.598263  1.59826 
 2.24242  0.78281 -0.622264  1.62226 
 2.27273 0.763597 -0.645688  1.64569 
 2.30303 0.743683 -0.668534  1.66853 
 2.33333 0.723086 -0.690763  1.69076 
 2.36364 0.701825 -0.712346  1.71235 
 2.39394  0.67992 -0.733283  1.73329 
 2.42424  0.65739 -0.753555  1.75355 
 2.45455 0.634257 -0.773121  1.77312 
 2.48485 0.610541 -0.791979  1.79198 
 2.51515 0.586265 -0.810123  1.81012 
 2.54545 0.561451 -0.827511  1.82751 
 2.57576 0.536121 -0.844137  1.84414 
 2.60606 0.510299 -0.859999     1.86 
 2.63636 0.484008 -0.875066  1.87506 
 2.66667 0.457273 -0.889324  1.88933 
 2.69697 0.430118 -0.902771  1.90277 
 2.72727 0.402567 -0.915393  1.91539 
 2.75758 0.374648 -0.927166  1.92717 
 2.78788 0.346384 -0.93809  1.93809 
 2.81818 0.317802 -0.948159  1.94816 
 2.84848 0.288929 -0.957351  1.95735 
 2.87879  0.25979 -0.965663  1.96566 
 2.90909 0.230413 -0.973094  1.97309 
 2.93939 0.200824 -0.979628  1.97963 
  2.9697  0.17105 -0.985261  1.98526 
       3  0.14112 -0.989992  1.98999 
  3.0303  0.11106 -0.993814  1.99381 
 3.06061 0.0808981 -0.996722  1.99672 
 3.09091 0.0506619 -0.998715  1.99872 
 3.12121 0.0203791 -0.999792  1.99979 
 3.15152 -0.00992233 -0.999951  1.99995 
 3.18182 -0.0402147 -0.999191  1.99919 
 3.21212 -0.0704701 -0.997513  1.99751 
 3.24242 -0.100661 -0.994921  1.99492 
 3.27273 -0.130759 -0.991415  1.99141 
 3.30303 -0.160737 -0.986996    1.987 
 3.33333 -0.190568 -0.981673  1.98167 
 3.36364 -0.220224 -0.975451  1.97545 
 3.39394 -0.249677 -0.96833  1.96833 
 3.42424 -0.278901 -0.960317  1.96032 
 3.45455 -0.307869 -0.951429  1.95143 
 3.48485 -0.336555 -0.941666  1.94166 
 3.51515 -0.364931 -0.931031  1.93103 
 3.54545 -0.392972 -0.91955  1.91955 
 3.57576 -0.420653 -0.907225  1.90722 
 3.60606 -0.447947 -0.894058  1.89406 
 3.63636 -0.47483 -0.880075  1.88008 
 3.66667 -0.501277 -0.86529  1.86529 
 3.69697 -0.527264 -0.849702   1.8497 
 3.72727 -0.552766 -0.833332  1.83334 
 3.75758 -0.577761 -0.816208  1.81621 
 3.78788 -0.602226 -0.79833  1.79833 
 3.81818 -0.626137 -0.779708  1.77971 
 3.84848 -0.649474 -0.760384  1.76038 
 3.87879 -0.672214 -0.740362  1.74036 
 3.90909 -0.694337 -0.719646  1.71965 
 3.93939 -0.715822 -0.698279  1.69828 
  3.9697 -0.736651 -0.676279  1.67627 
       4 -0.756802 -0.653643  1.65364 
  4.0303 -0.776259 -0.630408  1.63041 
 4.06061 -0.795003 -0.606608   1.6066 
 4.09091 -0.813018 -0.582243  1.58224 
 4.12121 -0.830285 -0.557332  1.55734 
 4.15152 -0.84679 -0.531927  1.53193 
