#index -1: Resultater som ikke skal plottes
her er mine c'er
   4.95867 
  0.171379 

Fra overstående c[1] får vi følgende halverignstid
 224Ra_1/2=4.04452 

Her fås min covariance matrice for C'erne
 0.0166667  0.0247487 
         0 0.00353553 

Fra overstående kan man udlede at usikkerheden på min funde halveringstid til
 sigma_224Ra_1/2=2.02446 
Det ses at usikkerheden er ret stor, og den man er sikker på i dag (3.627 af hvad jeg har kunne finde på nettet) er inden for de usikkerheder.


#index 0: data:x y log(y) dy dlog(y)
     1    117 4.76217   5.85   0.05
     2    100 4.60517      5   0.05
     3     88 4.47734    4.4   0.05
     4     72 4.27667    3.6   0.05
     6     53 3.97029   2.65   0.05
     9   29.5 3.38439  1.475   0.05
    10   25.2 3.22684   1.26   0.05
    13   15.2 2.7213   0.76   0.05
    15   11.1 2.40695  0.555   0.05


#index 1: x-fit, y-fit, y-fit+sigma, y-fit-sigma, y-fit+2*sigma, y-fit-2*sigma
      0 4.95867 4.97534   4.942   4.992 4.92534
 0.0775 4.97195 4.96178 4.92899 4.97817  4.9126
  0.155 4.98523 4.94822 4.91599 4.96434 4.89987
 0.2325 4.99851 4.93467 4.90298 4.95051 4.88713
   0.31  5.0118 4.92111 4.88997 4.93668  4.8744
 0.3875 5.02508 4.90756 4.87696 4.92285 4.86167
  0.465 5.03836   4.894 4.86395 4.90902 4.84893
 0.5425 5.05164 4.88044 4.85095 4.89519  4.8362
   0.62 5.06492 4.86689 4.83794 4.88136 4.82346
 0.6975 5.07821 4.85333 4.82493 4.86753 4.81073
  0.775 5.09149 4.83978 4.81192  4.8537   4.798
 0.8525 5.10477 4.82622 4.79892 4.83987 4.78526
   0.93 5.11805 4.81266 4.78591 4.82604 4.77253
 1.0075 5.13133 4.79911  4.7729 4.81221 4.75979
  1.085 5.14462 4.78555 4.75989 4.79838 4.74706
 1.1625  5.1579   4.772 4.74688 4.78455 4.73433
   1.24 5.17118 4.75844 4.73388 4.77072 4.72159
 1.3175 5.18446 4.74488 4.72087 4.75689 4.70886
  1.395 5.19774 4.73133 4.70786 4.74306 4.69613
 1.4725 5.21102 4.71777 4.69485 4.72923 4.68339
   1.55 5.22431 4.70422 4.68184  4.7154 4.67066
 1.6275 5.23759 4.69066 4.66884 4.70157 4.65792
  1.705 5.25087 4.67711 4.65583 4.68774 4.64519
 1.7825 5.26415 4.66355 4.64282 4.67391 4.63246
   1.86 5.27743 4.64999 4.62981 4.66008 4.61972
 1.9375 5.29072 4.63644  4.6168 4.64625 4.60699
  2.015   5.304 4.62288  4.6038 4.63242 4.59425
 2.0925 5.31728 4.60933 4.59079 4.61859 4.58152
   2.17 5.33056 4.59577 4.57778 4.60476 4.56879
 2.2475 5.34384 4.58221 4.56477 4.59093 4.55605
  2.325 5.35713 4.56866 4.55176  4.5771 4.54332
 2.4025 5.37041  4.5551 4.53876 4.56327 4.53058
   2.48 5.38369 4.54155 4.52575 4.54944 4.51785
 2.5575 5.39697 4.52799 4.51274 4.53561 4.50512
  2.635 5.41025 4.51443 4.49973 4.52178 4.49238
 2.7125 5.42354 4.50088 4.48673 4.50796 4.47965
   2.79 5.43682 4.48732 4.47372 4.49413 4.46691
 2.8675  5.4501 4.47377 4.46071  4.4803 4.45418
  2.945 5.46338 4.46021  4.4477 4.46647 4.44145
 3.0225 5.47666 4.44665 4.43469 4.45264 4.42871
    3.1 5.48994  4.4331 4.42169 4.43881 4.41598
 3.1775 5.50323 4.41954 4.40868 4.42498 4.40325
  3.255 5.51651 4.40599 4.39567 4.41115 4.39051
 3.3325 5.52979 4.39243 4.38266 4.39732 4.37778
   3.41 5.54307 4.37888 4.36965 4.38349 4.36504
 3.4875 5.55635 4.36532 4.35665 4.36966 4.35231
  3.565 5.56964 4.35176 4.34364 4.35583 4.33958
 3.6425 5.58292 4.33821 4.33063   4.342 4.32684
   3.72  5.5962 4.32465 4.31762 4.32817 4.31411
 3.7975 5.60948  4.3111 4.30461 4.31434 4.30137
  3.875 5.62276 4.29754 4.29161 4.30051 4.28864
 3.9525 5.63605 4.28398  4.2786 4.28668 4.27591
   4.03 5.64933 4.27043 4.26559 4.27285 4.26317
 4.1075 5.66261 4.25687 4.25258 4.25902 4.25044
  4.185 5.67589 4.24332 4.23958 4.24519  4.2377
 4.2625 5.68917 4.22976 4.22657 4.23136 4.22497
   4.34 5.70246  4.2162 4.21356 4.21753 4.21224
 4.4175 5.71574 4.20265 4.20055  4.2037  4.1995
  4.495 5.72902 4.18909 4.18754 4.18987 4.18677
 4.5725  5.7423 4.17554 4.17454 4.17604 4.17404
   4.65 5.75558 4.16198 4.16153 4.16221  4.1613
 4.7275 5.76886 4.14842 4.14852 4.14838 4.14857
  4.805 5.78215 4.13487 4.13551 4.13455 4.13583
 4.8825 5.79543 4.12131  4.1225 4.12072  4.1231
   4.96 5.80871 4.10776  4.1095 4.10689 4.11037
 5.0375 5.82199  4.0942 4.09649 4.09306 4.09763
  5.115 5.83527 4.08065 4.08348 4.07923  4.0849
 5.1925 5.84856 4.06709 4.07047  4.0654 4.07216
   5.27 5.86184 4.05353 4.05746 4.05157 4.05943
 5.3475 5.87512 4.03998 4.04446 4.03774  4.0467
  5.425  5.8884 4.02642 4.03145 4.02391 4.03396
 5.5025 5.90168 4.01287 4.01844 4.01008 4.02123
   5.58 5.91497 3.99931 4.00543 3.99625 4.00849
 5.6575 5.92825 3.98575 3.99243 3.98242 3.99576
  5.735 5.94153  3.9722 3.97942 3.96859 3.98303
 5.8125 5.95481 3.95864 3.96641 3.95476 3.97029
   5.89 5.96809 3.94509  3.9534 3.94093 3.95756
 5.9675 5.98138 3.93153 3.94039  3.9271 3.94483
  6.045 5.99466 3.91797 3.92739 3.91327 3.93209
 6.1225 6.00794 3.90442 3.91438 3.89944 3.91936
    6.2 6.02122 3.89086 3.90137 3.88561 3.90662
 6.2775  6.0345 3.87731 3.88836 3.87178 3.89389
  6.355 6.04778 3.86375 3.87535 3.85795 3.88116
 6.4325 6.06107 3.85019 3.86235 3.84412 3.86842
   6.51 6.07435 3.83664 3.84934 3.83029 3.85569
 6.5875 6.08763 3.82308 3.83633 3.81646 3.84295
  6.665 6.10091 3.80953 3.82332 3.80263 3.83022
 6.7425 6.11419 3.79597 3.81031  3.7888 3.81749
   6.82 6.12748 3.78242 3.79731 3.77497 3.80475
 6.8975 6.14076 3.76886  3.7843 3.76114 3.79202
  6.975 6.15404  3.7553 3.77129 3.74731 3.77928
 7.0525 6.16732 3.74175 3.75828 3.73348 3.76655
   7.13  6.1806 3.72819 3.74528 3.71965 3.75382
 7.2075 6.19389 3.71464 3.73227 3.70582 3.74108
  7.285 6.20717 3.70108 3.71926 3.69199 3.72835
 7.3625 6.22045 3.68752 3.70625 3.67816 3.71562
   7.44 6.23373 3.67397 3.69324 3.66433 3.70288
 7.5175 6.24701 3.66041 3.68024  3.6505 3.69015
  7.595  6.2603 3.64686 3.66723 3.63667 3.67741
 7.6725 6.27358  3.6333 3.65422 3.62284 3.66468
   7.75 6.28686 3.61974 3.64121 3.60901 3.65195
 7.8275 6.30014 3.60619  3.6282 3.59518 3.63921
  7.905 6.31342 3.59263  3.6152 3.58135 3.62648
 7.9825  6.3267 3.57908 3.60219 3.56752 3.61374
   8.06 6.33999 3.56552 3.58918 3.55369 3.60101
 8.1375 6.35327 3.55196 3.57617 3.53986 3.58828
  8.215 6.36655 3.53841 3.56316 3.52603 3.57554
 8.2925 6.37983 3.52485 3.55016  3.5122 3.56281
   8.37 6.39311  3.5113 3.53715 3.49837 3.55007
 8.4475  6.4064 3.49774 3.52414 3.48454 3.53734
  8.525 6.41968 3.48419 3.51113 3.47071 3.52461
 8.6025 6.43296 3.47063 3.49812 3.45688 3.51187
   8.68 6.44624 3.45707 3.48512 3.44305 3.49914
 8.7575 6.45952 3.44352 3.47211 3.42922  3.4864
  8.835 6.47281 3.42996  3.4591 3.41539 3.47367
 8.9125 6.48609 3.41641 3.44609 3.40156 3.46094
   8.99 6.49937 3.40285 3.43309 3.38773  3.4482
 9.0675 6.51265 3.38929 3.42008  3.3739 3.43547
  9.145 6.52593 3.37574 3.40707 3.36007 3.42274
 9.2225 6.53922 3.36218 3.39406 3.34624    3.41
    9.3  6.5525 3.34863 3.38105 3.33241 3.39727
 9.3775 6.56578 3.33507 3.36805 3.31858 3.38453
  9.455 6.57906 3.32151 3.35504 3.30475  3.3718
 9.5325 6.59234 3.30796 3.34203 3.29092 3.35907
   9.61 6.60562  3.2944 3.32902 3.27709 3.34633
 9.6875 6.61891 3.28085 3.31601 3.26326  3.3336
  9.765 6.63219 3.26729 3.30301 3.24943 3.32086
 9.8425 6.64547 3.25373    3.29  3.2356 3.30813
   9.92 6.65875 3.24018 3.27699 3.22177  3.2954
 9.9975 6.67203 3.22662 3.26398 3.20794 3.28266
 10.075 6.68532 3.21307 3.25097 3.19411 3.26993
10.1525  6.6986 3.19951 3.23797 3.18028 3.25719
  10.23 6.71188 3.18596 3.22496 3.16645 3.24446
10.3075 6.72516  3.1724 3.21195 3.15262 3.23173
 10.385 6.73844 3.15884 3.19894 3.13879 3.21899
10.4625 6.75173 3.14529 3.18594 3.12496 3.20626
  10.54 6.76501 3.13173 3.17293 3.11113 3.19353
10.6175 6.77829 3.11818 3.15992  3.0973 3.18079
 10.695 6.79157 3.10462 3.14691 3.08347 3.16806
10.7725 6.80485 3.09106  3.1339 3.06964 3.15532
  10.85 6.81814 3.07751  3.1209 3.05581 3.14259
10.9275 6.83142 3.06395 3.10789 3.04198 3.12986
 11.005  6.8447  3.0504 3.09488 3.02815 3.11712
11.0825 6.85798 3.03684 3.08187 3.01432 3.10439
  11.16 6.87126 3.02328 3.06886 3.00049 3.09165
11.2375 6.88455 3.00973 3.05586 2.98666 3.07892
 11.315 6.89783 2.99617 3.04285 2.97283 3.06619
11.3925 6.91111 2.98262 3.02984   2.959 3.05345
  11.47 6.92439 2.96906 3.01683 2.94517 3.04072
11.5475 6.93767  2.9555 3.00382 2.93134 3.02798
 11.625 6.95095 2.94195 2.99082 2.91751 3.01525
11.7025 6.96424 2.92839 2.97781 2.90369 3.00252
  11.78 6.97752 2.91484  2.9648 2.88986 2.98978
11.8575  6.9908 2.90128 2.95179 2.87603 2.97705
 11.935 7.00408 2.88773 2.93879  2.8622 2.96432
12.0125 7.01736 2.87417 2.92578 2.84837 2.95158
  12.09 7.03065 2.86061 2.91277 2.83454 2.93885
12.1675 7.04393 2.84706 2.89976 2.82071 2.92611
 12.245 7.05721  2.8335 2.88675 2.80688 2.91338
12.3225 7.07049 2.81995 2.87375 2.79305 2.90065
   12.4 7.08377 2.80639 2.86074 2.77922 2.88791
12.4775 7.09706 2.79283 2.84773 2.76539 2.87518
 12.555 7.11034 2.77928 2.83472 2.75156 2.86244
12.6325 7.12362 2.76572 2.82171 2.73773 2.84971
  12.71  7.1369 2.75217 2.80871  2.7239 2.83698
12.7875 7.15018 2.73861  2.7957 2.71007 2.82424
 12.865 7.16347 2.72505 2.78269 2.69624 2.81151
12.9425 7.17675  2.7115 2.76968 2.68241 2.79877
  13.02 7.19003 2.69794 2.75667 2.66858 2.78604
13.0975 7.20331 2.68439 2.74367 2.65475 2.77331
 13.175 7.21659 2.67083 2.73066 2.64092 2.76057
13.2525 7.22987 2.65727 2.71765 2.62709 2.74784
  13.33 7.24316 2.64372 2.70464 2.61326  2.7351
13.4075 7.25644 2.63016 2.69163 2.59943 2.72237
 13.485 7.26972 2.61661 2.67863  2.5856 2.70964
13.5625   7.283 2.60305 2.66562 2.57177  2.6969
  13.64 7.29628  2.5895 2.65261 2.55794 2.68417
13.7175 7.30957 2.57594  2.6396 2.54411 2.67144
 13.795 7.32285 2.56238  2.6266 2.53028  2.6587
13.8725 7.33613 2.54883 2.61359 2.51645 2.64597
  13.95 7.34941 2.53527 2.60058 2.50262 2.63323
14.0275 7.36269 2.52172 2.58757 2.48879  2.6205
 14.105 7.37598 2.50816 2.57456 2.47496 2.60777
14.1825 7.38926  2.4946 2.56156 2.46113 2.59503
  14.26 7.40254 2.48105 2.54855  2.4473  2.5823
14.3375 7.41582 2.46749 2.53554 2.43347 2.56956
 14.415  7.4291 2.45394 2.52253 2.41964 2.55683
14.4925 7.44239 2.44038 2.50952 2.40581  2.5441
  14.57 7.45567 2.42682 2.49652 2.39198 2.53136
14.6475 7.46895 2.41327 2.48351 2.37815 2.51863
 14.725 7.48223 2.39971  2.4705 2.36432 2.50589
14.8025 7.49551 2.38616 2.45749 2.35049 2.49316
  14.88 7.50879  2.3726 2.44448 2.33666 2.48043
14.9575 7.52208 2.35904 2.43148 2.32283 2.46769
 15.035 7.53536 2.34549 2.41847   2.309 2.45496
15.1125 7.54864 2.33193 2.40546 2.29517 2.44223
  15.19 7.56192 2.31838 2.39245 2.28134 2.42949
15.2675  7.5752 2.30482 2.37945 2.26751 2.41676
 15.345 7.58849 2.29127 2.36644 2.25368 2.40402
15.4225 7.60177 2.27771 2.35343 2.23985 2.39129


