     0      1      0 
0.0001      1 -0.0001 
0.000814033      1 -0.000814033 
0.00325333 0.999995 -0.00325332 
0.00850957 0.999964 -0.00850949 
0.0170021 0.999855 -0.0170014 
0.0284669 0.999595 -0.0284634 
0.0423066 0.999105 -0.0422948 
0.0578927 0.998325 -0.0578619 
0.0747078 0.997211 -0.0746405 
0.0923747 0.995736 -0.0922466 
0.110638 0.993885 -0.110417 
0.129333 0.991648 -0.128978 
0.148355 0.989015 -0.147818 
0.167645 0.985979 -0.166868 
0.187167 0.982534 -0.186085 
0.206906 0.978669 -0.205443 
0.226856 0.974376 -0.224926 
0.24702 0.969642 -0.244528 
0.267407 0.964456 -0.264245 
0.288029 0.958801 -0.284078 
0.308903 0.952663 -0.30403 
0.330048 0.946021 -0.324106 
0.351489 0.938854 -0.344315 
0.373251 0.931139 -0.364666 
0.395368 0.922846 -0.38517 
0.417876 0.913943 -0.405844 
0.44082 0.904391 -0.426706 
0.46425 0.894145 -0.44778 
0.488231 0.883149 -0.469093 
0.512839 0.871338 -0.490684 
0.53817 0.85863 -0.512598 
0.564344 0.844919 -0.534896 
0.59152 0.83007 -0.55766 
0.619908 0.813905 -0.580999 
0.649803 0.796172 -0.605072 
0.681638 0.776506 -0.630111 
0.716097 0.754332 -0.656495 
0.754383 0.728645 -0.684894 
0.799039 0.697333 -0.71675 
0.85881 0.653248 -0.757149 
0.884351 0.27979 -0.960081 
0.908694 0.256336 -0.966608 
0.932139 0.233604 -0.972352 
0.954887 0.211424 -0.977414 
0.977078 0.189682 -0.981865 
0.998811 0.168298 -0.985756 
1.02016 0.147218 -0.989124 
1.04117 0.1264 -0.991999 
1.06189 0.105818 -0.994405 
1.08235 0.085449 -0.996362 
1.10258 0.0652781 -0.997887 
1.12259 0.045293 -0.998993 
1.14241 0.0254845 -0.999695 
1.16205 0.00584541     -1 
1.18153 -0.0136299 -0.999927 
1.20085 -0.0329458 -0.999477 
1.22002 -0.0521059 -0.998661 
1.23907 -0.0711126 -0.997488 
1.25798 -0.0899682 -0.995964 
1.27678 -0.108674 -0.994097 
1.29547 -0.127231 -0.991893 
1.31405 -0.145641 -0.989357 
1.33253 -0.163902 -0.986496 
1.35092 -0.182016 -0.983316 
1.36922 -0.199982 -0.97982 
1.38744 -0.2178 -0.976013 
1.40558 -0.235469 -0.971902 
1.42365 -0.252989 -0.96749 
1.44164 -0.270358 -0.96278 
1.45957 -0.287575 -0.957779 
1.47743 -0.304639 -0.952488 
1.49524 -0.321549 -0.946914 
1.51299 -0.338304 -0.941058 
1.53068 -0.354901 -0.934925 
1.54832 -0.37134 -0.928518 
1.56592 -0.387619 -0.921841 
1.58346 -0.403735 -0.914898 
1.60097 -0.419687 -0.907691 
1.61843 -0.435474 -0.900223 
1.63585 -0.451093 -0.892499 
1.65324 -0.466543 -0.884521 
1.67059 -0.481821 -0.876292 
1.68791 -0.496926 -0.867816 
1.7052 -0.511855 -0.859095 
1.72246 -0.526606 -0.850133 
1.73969 -0.541178 -0.840932 
1.7569 -0.555568 -0.831495 
1.77408 -0.569774 -0.821825 
1.79125 -0.583795 -0.811926 
1.80839 -0.597626 -0.8018 
1.82551 -0.611268 -0.791449 
1.84262 -0.624717 -0.780877 
1.85971 -0.637971 -0.770087 
1.87678 -0.651027 -0.759081 
1.89384 -0.663885 -0.747862 
1.9109 -0.676541 -0.736432 
1.92794 -0.688993 -0.724796 
1.94497 -0.701239 -0.712954 
 1.962 -0.713276 -0.700911 
1.97902 -0.725103 -0.688669 
1.99604 -0.736718 -0.67623 
2.01305 -0.748116 -0.663598 
2.03006 -0.759298 -0.650774 
2.04708 -0.770259 -0.637763 
2.06409 -0.780998 -0.624565 
2.08111 -0.791513 -0.611185 
2.09813 -0.801801 -0.597625 
2.11515 -0.81186 -0.583887 
2.13219 -0.821687 -0.569974 
2.14923 -0.831281 -0.555889 
2.16628 -0.840638 -0.541634 
2.18334 -0.849757 -0.527213 
2.20041 -0.858635 -0.512627 
2.2175 -0.867269 -0.49788 
2.2346 -0.875658 -0.482974 
2.25172 -0.883798 -0.467912 
2.26886 -0.891688 -0.452696 
2.28602 -0.899324 -0.437329 
2.3032 -0.906705 -0.421813 
2.32041 -0.913828 -0.406152 
2.33764 -0.92069 -0.390347 
2.35489 -0.927289 -0.374401 
2.37218 -0.933621 -0.358318 
2.38949 -0.939686 -0.342098 
2.40684 -0.945479 -0.325745 
2.42422 -0.950998 -0.309261 
2.44164 -0.956241 -0.292649 
2.4591 -0.961204 -0.275911 
2.4766 -0.965885 -0.25905 
2.49414 -0.970281 -0.242067 
2.51172 -0.974388 -0.224965 
2.52936 -0.978203 -0.207747 
2.54704 -0.981725 -0.190414 
2.56478 -0.984948 -0.172969 
2.58258 -0.98787 -0.155414 
2.60044 -0.990488 -0.13775 
2.61835 -0.992797 -0.119981 
2.63634 -0.994794 -0.102107 
2.65439 -0.996475 -0.084131 
2.67252 -0.997837 -0.0660542 
2.69072 -0.998874 -0.0478784 
2.70901 -0.999582 -0.0296052 
2.72738 -0.999957 -0.0112358 
2.74584 -0.999994 0.00722847 
2.7644 -0.999688 0.0257864 
2.78306 -0.999033 0.0444372 
2.80183 -0.998023 0.0631801 
2.82071 -0.996652 0.0820145 
2.83972 -0.994913 0.10094 
2.85885 -0.9928 0.119957 
2.87812 -0.990304 0.139066 
2.89754 -0.987417 0.158266 
2.91711 -0.984131 0.17756 
2.93684 -0.980435 0.196949 
2.95676 -0.976318 0.216435 
2.97686 -0.971769 0.236021 
2.99717 -0.966775 0.255709 
3.01771 -0.961321 0.275505 
3.03848 -0.955392 0.295413 
3.05951 -0.948968 0.31544 
3.08082 -0.942029 0.335594 
3.10244 -0.934553 0.355884 
3.1244 -0.926512 0.376322 
3.14674 -0.917875 0.396921 
3.16949 -0.908608 0.4177 
3.1927 -0.898667 0.43868 
3.21644 -0.888001 0.459887 
3.24076 -0.876551 0.481353 
3.26577 -0.86424 0.503121 
3.29156 -0.850975 0.525246 
3.31829 -0.836636 0.547798 
3.34612 -0.821064 0.570873 
3.37532 -0.804043 0.594607 
3.40626 -0.785265 0.619194 
3.43948 -0.764262 0.644939 
3.47591 -0.740257 0.672356 
3.51734 -0.711763 0.702451 
3.56832 -0.675031 0.737821 
3.66491 -0.600619 0.799578 
3.68921 -0.24673 0.969133 
3.71257 -0.224024 0.974632 
3.73521 -0.201901 0.979454 
3.75729 -0.180233 0.983672 
3.7789 -0.15893 0.987338 
3.80013 -0.137933 0.99049 
3.82103 -0.1172 0.993156 
3.84165 -0.0967 0.995361 
3.86201 -0.0764116 0.997124 
3.88215 -0.0563188 0.998461 
3.90208 -0.0364096 0.999385 
3.92181 -0.016675 0.999909 
3.94138 0.00289202 1.00004 
3.96078 0.0222968 0.999799 
3.98004 0.0415435 0.999185 
3.99915 0.0606354 0.998208 
4.01814 0.0795748 0.996877 
 4.037 0.0983637 0.995199 
4.05575 0.117003 0.99318 
4.07439 0.135495 0.990826 
4.09292 0.153838 0.988145 
4.11136 0.172034 0.98514 
4.12971 0.190082 0.981817 
4.14798 0.207983 0.978182 
4.16616 0.225734 0.974238 
4.18427 0.243337 0.969991 
4.2023 0.260789 0.965445 
4.22026 0.278091 0.960605 
4.23816 0.29524 0.955473 
 4.256 0.312236 0.950055 
4.27378 0.329077 0.944354 
4.2915 0.345762 0.938374 
4.30917 0.362289 0.932117 
4.32679 0.378656 0.925589 
4.34436 0.394863 0.918792 
4.36189 0.410906 0.91173 
4.37938 0.426785 0.904406 
4.39682 0.442497 0.896824 
4.41423 0.458041 0.888985 
4.4316 0.473415 0.880894 
4.44894 0.488616 0.872554 
4.46624 0.503642 0.863968 
4.48352 0.518493 0.855138 
4.50076 0.533164 0.846069 
4.51799 0.547655 0.836762 
4.53518 0.561964 0.82722 
4.55236 0.576087 0.817447 
4.56951 0.590024 0.807446 
4.58664 0.603771 0.797218 
4.60376 0.617327 0.786768 
4.62085 0.630689 0.776098 
4.63794 0.643855 0.765211 
4.65501 0.656823 0.754109 
4.67206 0.669591 0.742795 
4.68911 0.682156 0.731272 
4.70615 0.694517 0.719544 
4.72318 0.70667 0.707612 
4.7402 0.718614 0.695479 
4.75722 0.730346 0.683148 
4.77424 0.741864 0.670622 
4.79125 0.753167 0.657903 
4.80826 0.76425 0.644995 
4.82528 0.775113 0.6319 
4.84229 0.785752 0.61862 
4.85931 0.796166 0.605159 
4.87633 0.806352 0.591518 
4.89336 0.816308 0.577701 
4.9104 0.826031 0.563711 
4.92744 0.835519 0.549549 
4.9445 0.84477 0.53522 
4.96156 0.853782 0.520724 
4.97864 0.862551 0.506066 
4.99574 0.871076 0.491247 
5.01285 0.879354 0.47627 
5.02998 0.887383 0.461139 
5.04712 0.89516 0.445855 
5.06429 0.902682 0.43042 
5.08148 0.909948 0.414839 
5.0987 0.916955 0.399113 
5.11594 0.9237 0.383244 
5.13321 0.93018 0.367236 
5.1505 0.936393 0.351091 
5.16783 0.942337 0.334811 
5.1852 0.948008 0.318399 
5.2026 0.953404 0.301858 
5.22003 0.958522 0.285189 
5.23751 0.96336 0.268395 
5.25502 0.967913 0.251478 
5.27258 0.97218 0.234442 
5.29019 0.976158 0.217287 
5.30785 0.979842 0.200017 
5.32556 0.983231 0.182633 
5.34332 0.98632 0.165138 
5.36114 0.989106 0.147534 
5.37903 0.991586 0.129823 
5.39697 0.993757 0.112006 
5.41499 0.995613 0.0940861 
5.43307 0.997152 0.0760645 
5.45123 0.998369 0.0579429 
5.46947 0.99926 0.039723 
5.4878 0.99982 0.0214063 
5.50621 1.00004 0.00299396 
5.52472 0.999929 -0.0155127 
5.54332 0.999467 -0.0341126 
5.56203 0.998654 -0.0528049 
5.58085 0.997483 -0.0715891 
5.59978 0.995949 -0.0904647 
5.61884 0.994044 -0.109431 
5.63804 0.99176 -0.12849 
5.65737 0.989091 -0.14764 
5.67685 0.986027 -0.166882 
5.6965 0.982558 -0.186219 
5.71631 0.978675 -0.205651 
5.73631 0.974367 -0.225181 
5.7565 0.969621 -0.244813 
5.77691 0.964423 -0.264549 
5.79755 0.958759 -0.284394 
5.81843 0.95261 -0.304355 
5.83958 0.945959 -0.324438 
5.86103 0.938783 -0.344652 
5.8828 0.931058 -0.365007 
5.90492 0.922755 -0.385516 
5.92744 0.913841 -0.406193 
5.95039 0.904278 -0.42706 
5.97383 0.89402 -0.448137 
5.99782 0.883012 -0.469456 
6.02244 0.871187 -0.491052 
6.04778 0.858463 -0.512972 
6.07397 0.844735 -0.535278 
6.10116 0.829867 -0.55805 
6.12957 0.813679 -0.5814 
6.15949 0.795918 -0.605486 
6.19136 0.776217 -0.630545 
6.22587 0.753997 -0.656954 
6.26422 0.728242 -0.685394 
6.28319 0.715115 -0.699079 
