     0 -0.970004 0.243088      0      0 0.970004 -0.243088 0.466204 0.432366 -0.932407 -0.864731 0.466204 0.432366 
0.0119866 -0.964329 0.248248 -0.0111764 -0.0103652 0.975505 -0.237883 0.480854 0.428574 -0.932642 -0.864436 0.451788 0.435862 
0.0233829 -0.958769 0.253111 -0.0218076 -0.0202133 0.980577 -0.232898 0.494999 0.424678 -0.933298 -0.863606 0.4383 0.438928 
0.0344244 -0.953227 0.257779 -0.0321172 -0.029743 0.985345 -0.228036 0.508902 0.420619 -0.934336 -0.862291 0.425433 0.441673 
0.0452477 -0.947645 0.262309 -0.0422364 -0.0390675 0.989881 -0.223241 0.522719 0.416353 -0.935733 -0.860511 0.413014 0.444158 
0.0559332 -0.941986 0.266734 -0.0522435 -0.0482518 0.99423 -0.218483 0.536539 0.411849 -0.937478 -0.858274 0.400939 0.446425 
0.0665286 -0.936228 0.271074 -0.0621866 -0.0573326 0.998415 -0.213741 0.550415 0.407082 -0.939561 -0.855582 0.389146 0.4485 
0.077062 -0.930357 0.275336 -0.0720952 -0.0663294 1.00245 -0.209006 0.564375 0.402032 -0.941974 -0.852434 0.377599 0.450402 
0.0875493 -0.924365 0.279525 -0.0819875 -0.0752515 1.00635 -0.204273 0.578434 0.396683 -0.944709 -0.848827 0.366275 0.452145 
0.0979995 -0.918247 0.283642 -0.0918749 -0.0841018 1.01012 -0.19954 0.592594 0.391019 -0.947755 -0.84476 0.355161 0.453741 
0.108417 -0.912 0.287684 -0.101764 -0.0928794 1.01376 -0.194805 0.606854 0.385027 -0.951103 -0.840228 0.344249 0.455201 
0.118802 -0.905623 0.291651 -0.11166 -0.101581 1.01728 -0.19007 0.621208 0.378697 -0.954739 -0.835232 0.333531 0.456534 
0.129156 -0.899117 0.295539 -0.121565 -0.110202 1.02068 -0.185337 0.635644 0.372018 -0.958649 -0.829767 0.323005 0.457749 
0.139477 -0.892482 0.299343 -0.13148 -0.118736 1.02396 -0.180607 0.650152 0.364979 -0.962818 -0.823833 0.312666 0.458854 
0.149763 -0.88572 0.30306 -0.141405 -0.127179 1.02713 -0.175881 0.664717 0.357573 -0.96723 -0.81743 0.302513 0.459857 
0.160012 -0.878833 0.306686 -0.151342 -0.135522 1.03017 -0.171163 0.679324 0.349791 -0.971867 -0.810555 0.292543 0.460764 
0.170222 -0.871822 0.310217 -0.161288 -0.143762 1.03311 -0.166455 0.693957 0.341628 -0.976709 -0.80321 0.282752 0.461583 
0.18039 -0.864692 0.313648 -0.171245 -0.151891 1.03594 -0.161757 0.708599 0.333076 -0.981737 -0.795395 0.273138 0.46232 
0.190515 -0.857443 0.316976 -0.181211 -0.159903 1.03865 -0.157073 0.723232 0.32413 -0.98693 -0.787111 0.263698 0.462981 
0.200594 -0.85008 0.320197 -0.191184 -0.167794 1.04126 -0.152403 0.737838 0.314788 -0.992267 -0.77836 0.254429 0.463573 
0.210625 -0.842606 0.323307 -0.201165 -0.175557 1.04377 -0.14775 0.752398 0.305045 -0.997725 -0.769145 0.245327 0.4641 
0.220607 -0.835023 0.326302 -0.211152 -0.183187 1.04617 -0.143115 0.766893 0.2949 -1.00328 -0.759468 0.236388 0.464568 
0.230538 -0.827336 0.32918 -0.221143 -0.19068 1.04848 -0.1385 0.781303 0.284351 -1.00891 -0.749333 0.227609 0.464983 
0.240416 -0.819547 0.331936 -0.231137 -0.198031 1.05068 -0.133904 0.795608 0.273399 -1.01459 -0.738746 0.218986 0.465348 
0.250241 -0.811661 0.334567 -0.241133 -0.205236 1.05279 -0.129331 0.809789 0.262044 -1.0203 -0.727712 0.210515 0.465668 
0.260011 -0.80368 0.337071 -0.251129 -0.212291 1.05481 -0.12478 0.823825 0.250289 -1.02602 -0.716236 0.20219 0.465947 
0.269726 -0.795609 0.339445 -0.261125 -0.219193 1.05673 -0.120252 0.837698 0.238137 -1.03171 -0.704327 0.194009 0.46619 
0.279385 -0.787451 0.341685 -0.271118 -0.225938 1.05857 -0.115748 0.851388 0.225592 -1.03735 -0.691991 0.185965 0.466399 
0.288988 -0.77921 0.343791 -0.281107 -0.232523 1.06032 -0.111268 0.864875 0.21266 -1.04293 -0.679238 0.178055 0.466578 
0.298536 -0.770889 0.345759 -0.29109 -0.238946 1.06198 -0.106812 0.87814 0.199346 -1.04841 -0.666076 0.170273 0.46673 
0.308028 -0.762492 0.347587 -0.301067 -0.245205 1.06356 -0.102382 0.891165 0.185658 -1.05378 -0.652515 0.162615 0.466858 
0.317464 -0.754022 0.349274 -0.311036 -0.251298 1.06506 -0.0979755 0.903932 0.171603 -1.05901 -0.638567 0.155076 0.466964 
0.326845 -0.745482 0.350817 -0.320995 -0.257223 1.06648 -0.0935943 0.916423 0.157191 -1.06407 -0.624243 0.147652 0.467051 
0.336173 -0.736877 0.352215 -0.330943 -0.262978 1.06782 -0.0892375 0.928621 0.142432 -1.06896 -0.609554 0.140336 0.467122 
0.345447 -0.728209 0.353467 -0.34088 -0.268562 1.06909 -0.0849048 0.940511 0.127336 -1.07363 -0.594515 0.133124 0.467178 
0.35467 -0.719481 0.354571 -0.350802 -0.273975 1.07028 -0.080596 0.952075 0.111915 -1.07809 -0.579137 0.126012 0.467222 
0.363842 -0.710696 0.355527 -0.360711 -0.279216 1.07141 -0.0763104 0.9633 0.0961818 -1.08229 -0.563435 0.118994 0.467254 
0.372965 -0.701858 0.356332 -0.370603 -0.284284 1.07246 -0.0720475 0.974172 0.0801481 -1.08624 -0.547425 0.112065 0.467277 
0.382041 -0.692968 0.356986 -0.380478 -0.289179 1.07345 -0.0678067 0.984676 0.0638282 -1.0899 -0.531119 0.10522 0.467291 
0.39107 -0.684031 0.357488 -0.390335 -0.293901 1.07437 -0.0635872 0.9948 0.0472364 -1.09326 -0.514536 0.0984555 0.467299 
0.400056 -0.675047 0.357838 -0.400173 -0.298449 1.07522 -0.0593883 1.00453 0.0303874 -1.0963 -0.497689 0.0917655 0.467302 
0.408999 -0.666021 0.358034 -0.409991 -0.302825 1.07601 -0.055209 1.01386 0.0132966 -1.09901 -0.480597 0.0851456 0.4673 
0.417902 -0.656954 0.358076 -0.419787 -0.307027 1.07674 -0.0510486 1.02278 -0.00401994 -1.10137 -0.463275 0.078591 0.467295 
0.426767 -0.647848 0.357963 -0.42956 -0.311057 1.07741 -0.0469059 1.03128 -0.021546 -1.10338 -0.445741 0.0720971 0.467287 
0.435597 -0.638706 0.357695 -0.43931 -0.314915 1.07802 -0.0427802 1.03935 -0.0392647 -1.10501 -0.428012 0.0656592 0.467277 
0.444392 -0.62953 0.357271 -0.449036 -0.318601 1.07857 -0.0386703 1.04698 -0.0571589 -1.10625 -0.410107 0.0592728 0.467266 
0.453156 -0.620322 0.356692 -0.458735 -0.322117 1.07906 -0.0345752 1.05417 -0.0752111 -1.1071 -0.392043 0.0529335 0.467254 
0.461891 -0.611083 0.355956 -0.468409 -0.325462 1.07949 -0.0304938 1.06091 -0.0934035 -1.10754 -0.373839 0.0466367 0.467243 
0.470599 -0.601816 0.355063 -0.478054 -0.328638 1.07987 -0.026425 1.06719 -0.111718 -1.10757 -0.355514 0.040378 0.467232 
0.479283 -0.592523 0.354013 -0.487671 -0.331646 1.08019 -0.0223678 1.07302 -0.130137 -1.10718 -0.337085 0.0341531 0.467222 
0.487945 -0.583205 0.352806 -0.497259 -0.334485 1.08046 -0.0183209 1.0784 -0.148641 -1.10636 -0.318572 0.0279576 0.467213 
0.496587 -0.573863 0.351442 -0.506815 -0.337158 1.08068 -0.0142833 1.08331 -0.167212 -1.1051 -0.299993 0.0217873 0.467205 
0.505212 -0.564499 0.349919 -0.51634 -0.339666 1.08084 -0.0102537 1.08777 -0.185832 -1.1034 -0.281368 0.0156379 0.4672 
0.513822 -0.555115 0.348239 -0.525832 -0.342008 1.08095 -0.00623113 1.09176 -0.204481 -1.10126 -0.262714 0.00950518 0.467196 
0.522419 -0.545713 0.346401 -0.535291 -0.344187  1.081 -0.0022143 1.09529 -0.223142 -1.09868 -0.244051 0.00338497 0.467193 
0.531007 -0.536292 0.344405 -0.544714 -0.346202 1.08101 0.00179794 1.09837 -0.241796 -1.09565 -0.225398 -0.00272692 0.467193 
0.539588 -0.526855 0.34225 -0.554101 -0.348057 1.08096 0.00580674  1.101 -0.260423 -1.09217 -0.206772 -0.00883463 0.467195 
0.548164 -0.517403 0.339937 -0.563452 -0.34975 1.08085 0.00981329 1.10318 -0.279007 -1.08824 -0.188192 -0.0149423 0.467199 
0.556737 -0.507937 0.337465 -0.572764 -0.351284 1.0807 0.0138187 1.10492 -0.297529 -1.08386 -0.169676 -0.0210542 0.467204 
0.56531 -0.498457 0.334835 -0.582036 -0.352659 1.08049 0.0178243 1.10622 -0.31597 -1.07904 -0.151242 -0.0271742 0.467212 
0.573886 -0.488966 0.332047 -0.591268 -0.353878 1.08023 0.021831 1.10709 -0.334314 -1.07378 -0.132906 -0.0333067 0.46722 
0.582467 -0.479463 0.329099 -0.600459 -0.35494 1.07992 0.0258402 1.10754 -0.352543 -1.06808 -0.114688 -0.0394558 0.46723 
0.591055 -0.469951 0.325994 -0.609606 -0.355847 1.07956 0.0298529 1.10757 -0.370639 -1.06195 -0.0966017 -0.0456257 0.467241 
0.599653 -0.460428 0.322729 -0.61871 -0.3566 1.07914 0.0338703 1.1072 -0.388587 -1.05538 -0.0786652 -0.0518205 0.467252 
0.608264 -0.450897 0.319306 -0.627768 -0.3572 1.07866 0.0378936 1.10644 -0.406369 -1.0484 -0.0608939 -0.0580445 0.467263 
0.616889 -0.441358 0.315725 -0.636779 -0.357649 1.07814 0.0419237 1.1053 -0.423971 -1.041 -0.0433033 -0.0643019 0.467274 
0.625531 -0.431812 0.311985 -0.645742 -0.357947 1.07755 0.045962 1.10379 -0.441376 -1.03319 -0.0259082 -0.0705971 0.467284 
0.634192 -0.422259 0.308087 -0.654656 -0.358097 1.07692 0.0500094 1.10192 -0.458569 -1.02498 -0.00872306 -0.0769344 0.467292 
0.642875 -0.4127 0.304031 -0.66352 -0.358098 1.07622 0.054067 1.0997 -0.475536 -1.01638 0.00823819 -0.0833182 0.467298 
0.651582 -0.403135 0.299817 -0.672331 -0.357953 1.07547 0.0581358 1.09716 -0.492263 -1.0074 0.0249623 -0.0897528 0.467301 
0.660316 -0.393565 0.295446 -0.68109 -0.357663 1.07465 0.062217 1.0943 -0.508737 -0.998053 0.0414364 -0.0962429 0.4673 
0.669078 -0.38399 0.290916 -0.689793 -0.357228 1.07378 0.0663115 1.09114 -0.524943 -0.988344 0.0576485 -0.102793 0.467294 
0.677871 -0.37441 0.28623 -0.69844 -0.35665 1.07285 0.0704203 1.08769 -0.540869 -0.978285 0.073587 -0.109408 0.467282 
0.686696 -0.364826 0.281386 -0.707028 -0.355931 1.07185 0.0745443 1.08398 -0.556505 -0.96789 0.089241 -0.116091 0.467264 
0.695557 -0.355239 0.276387 -0.715558 -0.355071 1.0708 0.0786845 1.08002 -0.571837 -0.957169 0.1046 -0.122849 0.467237 
0.704455 -0.345647 0.271231 -0.724026 -0.354073 1.06967 0.0828416 1.07582 -0.586855 -0.946138 0.119655 -0.129685 0.4672 
0.713391 -0.336052 0.26592 -0.732431 -0.352937 1.06848 0.0870166 1.07141 -0.601548 -0.934807 0.134396 -0.136605 0.467152 
0.722369 -0.326454 0.260454 -0.740771 -0.351664 1.06723 0.0912101 1.0668 -0.615908 -0.923191 0.148816 -0.143614 0.467092 
0.731388 -0.316853 0.254835 -0.749045 -0.350258 1.0659 0.0954229 1.06202 -0.629923 -0.911304 0.162906 -0.150715 0.467017 
0.740453 -0.307249 0.249062 -0.757251 -0.348718 1.0645 0.0996557 1.05707 -0.643585 -0.899159 0.17666 -0.157916 0.466926 
0.749563 -0.297642 0.243137 -0.765386 -0.347046 1.06303 0.103909 1.05199 -0.656887 -0.886772 0.190071 -0.165219 0.466816 
0.75872 -0.288032 0.237062 -0.773449 -0.345245 1.06148 0.108183 1.04679 -0.669819 -0.874156 0.203133 -0.172631 0.466686 
0.767926 -0.278419 0.230837 -0.781438 -0.343316 1.05986 0.112479 1.04149 -0.682375 -0.861328 0.215843 -0.180157 0.466532 
0.777182 -0.268804 0.224463 -0.789351 -0.34126 1.05815 0.116796 1.0361 -0.694548 -0.848302 0.228195 -0.187802 0.466353 
0.786489 -0.259186 0.217943 -0.797185 -0.339079 1.05637 0.121136 1.03066 -0.706331 -0.835094 0.240185 -0.19557 0.466146 
0.795848 -0.249566 0.211278 -0.804938 -0.336776 1.0545 0.125498 1.02519 -0.717718 -0.821719 0.251812 -0.203468 0.465907 
0.80526 -0.239943 0.20447 -0.812608 -0.334352 1.05255 0.129881 1.01969 -0.728705 -0.808192 0.263072 -0.2115 0.465633 
0.814725 -0.230317 0.197522 -0.820193 -0.331809 1.05051 0.134287 1.0142 -0.739286 -0.79453 0.273965 -0.219671 0.46532 
0.824244 -0.220689 0.190435 -0.827691 -0.32915 1.04838 0.138715 1.00874 -0.749456 -0.780749 0.28449 -0.227987 0.464966 
0.833817 -0.211059 0.183212 -0.835099 -0.326377 1.04616 0.143164 1.00332 -0.759211 -0.766863 0.294646 -0.236452 0.464566 
0.843445 -0.201426 0.175857 -0.842414 -0.323492 1.04384 0.147635 0.997961 -0.768549 -0.752889 0.304434 -0.245072 0.464115 
0.853126 -0.19179 0.168372 -0.849635 -0.320498 1.04143 0.152126 0.992693 -0.777464 -0.738842 0.313855 -0.253851 0.463609 
0.862861 -0.182152 0.160761 -0.856759 -0.317398 1.03891 0.156636 0.987532 -0.785954 -0.724738 0.322912 -0.262795 0.463043 
0.872649 -0.172511 0.153028 -0.863784 -0.314193 1.03629 0.161166 0.982498 -0.794018 -0.710592 0.331607 -0.271907 0.462411 
0.88249 -0.162867 0.145175 -0.870706 -0.310888 1.03357 0.165713 0.977611 -0.801651 -0.696419 0.339942 -0.281192 0.461709 
0.892382 -0.15322 0.137208 -0.877525 -0.307485 1.03074 0.170277 0.972888 -0.808853 -0.682234 0.347923 -0.290654 0.46093 
0.902325 -0.14357 0.129131 -0.884238 -0.303987 1.02781 0.174855 0.96835 -0.815621 -0.668052 0.355554 -0.300299 0.460068 
0.912317 -0.133916 0.120949 -0.890842 -0.300397 1.02476 0.179448 0.964014 -0.821955 -0.653887 0.362839 -0.310128 0.459116 
0.922356 -0.124259 0.112666 -0.897335 -0.296718 1.02159 0.184052 0.959898 -0.827852 -0.639752 0.369785 -0.320146 0.458067 
0.932442 -0.114598 0.104288 -0.903716 -0.292955 1.01831 0.188666 0.956018 -0.833312 -0.625661 0.376397 -0.330356 0.456915 
0.942571 -0.104933 0.0958205 -0.909983 -0.289109 1.01492 0.193289 0.952389 -0.838333 -0.611628 0.382683 -0.340761 0.455651 
0.952743 -0.095264 0.0872689 -0.916132 -0.285185 1.0114 0.197916 0.949028 -0.842916 -0.597664 0.388649 -0.351364 0.454266 
0.962954 -0.0855896 0.0786393 -0.922164 -0.281187 1.00775 0.202548 0.945947 -0.847058 -0.583781 0.394304 -0.362166 0.452754 
0.973203 -0.07591 0.0699379 -0.928076 -0.277118 1.00399 0.20718 0.94316 -0.85076 -0.569991 0.399655 -0.373169 0.451105 
0.983486 -0.0662245 0.0611711 -0.933867 -0.272981 1.00009 0.21181 0.940679 -0.85402 -0.556304 0.404711 -0.384375 0.449309 
0.993802 -0.0565327 0.0523455 -0.939535 -0.268781 0.996068 0.216435 0.938514 -0.856839 -0.54273 0.409481 -0.395784 0.447357 
1.00415 -0.046834 0.043468 -0.94508 -0.264521 0.991914 0.221053 0.936676 -0.859214 -0.52928 0.413974 -0.407396 0.44524 
1.01452 -0.0371278 0.0345453 -0.9505 -0.260204 0.987628 0.225659 0.935172 -0.861146 -0.515961 0.418198 -0.419211 0.442948 
1.02491 -0.0274136 0.0255848 -0.955794 -0.255836 0.983208 0.230251 0.934009 -0.862634 -0.502781 0.422165 -0.431228 0.440469 
1.03533 -0.0176907 0.0165935 -0.960963 -0.251419 0.978653 0.234825 0.933194 -0.863676 -0.489749 0.425882 -0.443446 0.437794 
1.04576 -0.00795843 0.00757887 -0.966004 -0.246957 0.973963 0.239378 0.932731 -0.864271 -0.47687 0.42936 -0.455861 0.434911 
1.05621 0.00178379 -0.00145163 -0.970919 -0.242454 0.969135 0.243906 0.932623 -0.864419 -0.464152 0.43261 -0.468471 0.431809 
1.06667 0.0115366 -0.0104905 -0.975706 -0.237914 0.96417 0.248404 0.932871 -0.864117 -0.451598 0.43564 -0.481273 0.428477 
1.07713 0.0213006 -0.01953 -0.980367 -0.23334 0.959066 0.25287 0.933476 -0.863364 -0.439215 0.43846 -0.49426 0.424904 
1.0876 0.0310763 -0.0285626 -0.9849 -0.228736 0.953824 0.257299 0.934436 -0.862159 -0.427007 0.441081 -0.507429 0.421078 
1.09807 0.0408643 -0.0375804 -0.989307 -0.224105 0.948443 0.261686 0.935749 -0.860499 -0.414976 0.443511 -0.520773 0.416988 
1.10853 0.0506649 -0.0465759 -0.993587 -0.219452 0.942922 0.266028 0.93741 -0.858383 -0.403125 0.445761 -0.534284 0.412621 
1.11899 0.0604786 -0.0555413 -0.997742 -0.214778 0.937263 0.27032 0.939413 -0.855809 -0.391458 0.447841 -0.547955 0.407968 
1.12944 0.0703057 -0.0644688 -1.00177 -0.210088 0.931466 0.274557 0.941753 -0.852774 -0.379976 0.449758 -0.561777 0.403016 
1.13987 0.0801464 -0.0733509 -1.00568 -0.205385 0.925531 0.278736 0.944419 -0.849278 -0.368679 0.451523 -0.57574 0.397755 
1.15029 0.0900007 -0.0821798 -1.00946 -0.200672 0.91946 0.282852 0.947402 -0.845318 -0.35757 0.453143 -0.589832 0.392174 
1.16069 0.0998687 -0.0909482 -1.01312 -0.195952 0.913253 0.2869 0.95069 -0.840892 -0.346647 0.454629 -0.604043 0.386263 
1.17107 0.10975 -0.0996485 -1.01666 -0.191228 0.906912 0.290876 0.954271 -0.835998 -0.335911 0.455987 -0.61836 0.380011 
1.18142 0.119645 -0.108274 -1.02008 -0.186502 0.900438 0.294776 0.958131 -0.830636 -0.325362 0.457227 -0.632769 0.373409 
1.19173 0.129553 -0.116816 -1.02339 -0.181778 0.893834 0.298594 0.962254 -0.824804 -0.314997 0.458355 -0.647256 0.366449 
1.20202 0.139473 -0.125269 -1.02657 -0.177058 0.887102 0.302327 0.966623 -0.818502 -0.304816 0.45938 -0.661807 0.359122 
1.21227 0.149404 -0.133626 -1.02965 -0.172344 0.880243 0.30597 0.971221 -0.811728 -0.294817 0.460308 -0.676404 0.35142 
1.22248 0.159347 -0.141881 -1.03261 -0.167638 0.87326 0.309519 0.976029 -0.804484 -0.284998 0.461147 -0.691031 0.343337 
1.23266 0.1693 -0.150026 -1.03546 -0.162943 0.866157 0.312969 0.981027 -0.796769 -0.275355 0.461902 -0.705671 0.334867 
1.24279 0.179263 -0.158056 -1.0382 -0.158261 0.858935 0.316317 0.986194 -0.788586 -0.265887 0.462581 -0.720307 0.326005 
1.25287 0.189233 -0.165965 -1.04083 -0.153593 0.851599 0.319559 0.991509 -0.779935 -0.256591 0.463189 -0.734919 0.316746 
1.2629 0.199211 -0.173748 -1.04336 -0.148942 0.84415 0.32269 0.99695 -0.770819 -0.247462 0.463731 -0.749488 0.307088 
1.27289 0.209194 -0.181399 -1.04579 -0.144309 0.836593 0.325708 1.00249 -0.761241 -0.238497 0.464213 -0.763997 0.297027 
1.28283 0.219182 -0.188914 -1.04811 -0.139694 0.82893 0.328608 1.00812 -0.751205 -0.229693 0.464641 -0.778424 0.286564 
1.29271 0.229173 -0.196288 -1.05034 -0.1351 0.821166 0.331388 1.0138 -0.740716 -0.221046 0.465018 -0.792751 0.275697 
1.30254 0.239166 -0.203516 -1.05247 -0.130527 0.813304 0.334043 1.01951 -0.729778 -0.212551 0.46535 -0.806958 0.264429 
1.31231 0.24916 -0.210595 -1.05451 -0.125977 0.805347 0.336572 1.02523 -0.718399 -0.204204 0.465639 -0.821024 0.252759 
1.32203 0.259152 -0.217521 -1.05645 -0.12145 0.797299 0.338971 1.03093 -0.706584 -0.196001 0.465892 -0.83493 0.240692 
1.3317 0.269142 -0.224292 -1.05831 -0.116947 0.789164 0.341238 1.03659 -0.694341 -0.187937 0.46611 -0.848657 0.228232 
1.34131 0.279128 -0.230903 -1.06007 -0.112468 0.780945 0.34337 1.04219 -0.681679 -0.180007 0.466297 -0.862186 0.215383 
1.35086 0.289109 -0.237353 -1.06176 -0.108013 0.772646 0.345365 1.0477 -0.668608 -0.172207 0.466457 -0.875496 0.202151 
1.36035 0.299084 -0.243638 -1.06335 -0.103583 0.764271 0.347221 1.0531 -0.655135 -0.164532 0.466592 -0.88857 0.188544 
1.36979 0.30905 -0.249758 -1.06487 -0.0991779 0.755822 0.348936 1.05837 -0.641274 -0.156977 0.466705 -0.90139 0.174569 
1.37918 0.319006 -0.255711 -1.06631 -0.0947976 0.747303 0.350508 1.06347 -0.627033 -0.149537 0.466798 -0.913938 0.160235 
1.38851 0.328952 -0.261494 -1.06767 -0.0904418 0.738718 0.351936 1.0684 -0.612427 -0.142207 0.466875 -0.926196 0.145552 
1.39778 0.338886 -0.267107 -1.06896 -0.0861103 0.73007 0.353217 1.07313 -0.597466 -0.134982 0.466936 -0.938149 0.13053 
1.40701 0.348807 -0.272549 -1.07017 -0.0818027 0.721362 0.354352 1.07764 -0.582165 -0.127857 0.466984 -0.94978 0.115181 
1.41618 0.358713 -0.277819 -1.07131 -0.0775186 0.712596 0.355337 1.0819 -0.566537 -0.120827 0.46702 -0.961075 0.0995167 
1.42531 0.368603 -0.282916 -1.07238 -0.0732573 0.703777 0.356173 1.08591 -0.550597 -0.113888 0.467047 -0.97202 0.0835498 
1.43438 0.378476 -0.287841 -1.07338 -0.0690182 0.694906 0.356859 1.08963 -0.53436 -0.107035 0.467066 -0.9826 0.0672939 
1.44341 0.388331 -0.292592 -1.07432 -0.0648007 0.685986 0.357393 1.09306 -0.51784 -0.100262 0.467077 -0.992803 0.0507631 
1.4524 0.398168 -0.29717 -1.07519 -0.0606038 0.677021 0.357774 1.09618 -0.501055 -0.0935647 0.467083 -1.00262 0.033972 
1.46134 0.407983 -0.301575 -1.076 -0.0564269 0.668012 0.358002 1.09897 -0.48402 -0.0869387 0.467084 -1.01203 0.016936 
1.47024 0.417778 -0.305808 -1.07674 -0.052269 0.658962 0.358077 1.10142 -0.466752 -0.0803789 0.467081 -1.02104 -0.000329207 
1.4791 0.42755 -0.309868 -1.07742 -0.0481291 0.649874 0.357997 1.1035 -0.449269 -0.0738809 0.467076 -1.02962 -0.0178073 
1.48793 0.437299 -0.313756 -1.07805 -0.0440063 0.640748 0.357763 1.10522 -0.431587 -0.06744 0.467069 -1.03778 -0.0354817 
1.49672 0.447023 -0.317473 -1.07861 -0.0398996 0.631589 0.357373 1.10655 -0.413725 -0.0610515 0.46706 -1.0455 -0.0533353 
1.50548 0.456722 -0.321019 -1.07912 -0.035808 0.622397 0.356827 1.10749 -0.3957 -0.0547111 0.46705 -1.05278 -0.0713508 
1.51422 0.466395 -0.324395 -1.07957 -0.0317303 0.613174 0.356125 1.10803 -0.377531 -0.0484141 0.467041 -1.05962 -0.0895103 
1.52292 0.47604 -0.327601 -1.07996 -0.0276655 0.603923 0.355267 1.10816 -0.359236 -0.0421563 0.467032 -1.066 -0.107796 
1.5316 0.485657 -0.330639 -1.0803 -0.0236124 0.594646 0.354252 1.10786 -0.340834 -0.0359333 0.467023 -1.07193 -0.12619 
1.54025 0.495244 -0.33351 -1.08059 -0.0195701 0.585343 0.35308 1.10714 -0.322343 -0.0297407 0.467016 -1.0774 -0.144673 
1.54889 0.5048 -0.336214 -1.08082 -0.0155372 0.576016 0.351751 1.10598 -0.303783 -0.0235742 0.46701 -1.08241 -0.163227 
1.55751 0.514326 -0.338751 -1.08099 -0.0115126 0.566668 0.350264 1.10439 -0.285171 -0.0174297 0.467006 -1.08696 -0.181835 
1.56611 0.523818 -0.341125 -1.08112 -0.0074953 0.557299 0.34862 1.10235 -0.266527 -0.0113028 0.467003 -1.09105 -0.200476 
1.5747 0.533277 -0.343334 -1.08119 -0.003484 0.547911 0.346818 1.09987 -0.24787 -0.00518949 0.467002 -1.09468 -0.219132 
1.58328 0.542701 -0.34538 -1.08121 0.000522417 0.538505 0.344858 1.09695 -0.229218 0.000914515 0.467004 -1.09786 -0.237786 
1.59185 0.55209 -0.347265 -1.08117 0.00452513 0.529082 0.34274 1.09357 -0.210589 0.00701333 0.467007 -1.10058 -0.256418 
1.60041 0.561441 -0.348989 -1.08109 0.00852531 0.519645 0.340464 1.08975 -0.192002 0.0131111 0.467012 -1.10286 -0.27501 
1.60898 0.570755 -0.350554 -1.08095 0.0125241 0.510193 0.33803 1.08548 -0.173475 0.0192119 0.467019 -1.10469 -0.293544 
1.61754 0.580029 -0.35196 -1.08076 0.0165227 0.500727 0.335437 1.08076 -0.155025 0.02532 0.467028 -1.10608 -0.312003 
1.6261 0.589264 -0.353209 -1.08051 0.0205223 0.49125 0.332686 1.0756 -0.136671 0.0314394 0.467038 -1.10704 -0.330367 
1.63467 0.598456 -0.354301 -1.08022 0.024524 0.481762 0.329777   1.07 -0.118428 0.0375743 0.467049 -1.10758 -0.348621 
1.64324 0.607607 -0.355239 -1.07987 0.0285289 0.472263 0.32671 1.06397 -0.100315 0.0437288 0.467062 -1.1077 -0.366746 
1.65183 0.616713 -0.356022 -1.07947 0.0325383 0.462755 0.323484 1.05751 -0.0823476 0.0499072 0.467075 -1.10742 -0.384727 
1.66042 0.625774 -0.356653 -1.07901 0.0365532 0.453238 0.3201 1.05062 -0.0645415 0.0561136 0.467088 -1.10674 -0.402546 
1.66903 0.63479 -0.357133 -1.0785 0.0405748 0.443713 0.316558 1.04332 -0.0469123 0.0623523 0.467101 -1.10567 -0.420188 
1.67766 0.643757 -0.357462 -1.07794 0.0446041 0.43418 0.312857 1.03561 -0.0294752 0.0686275 0.467113 -1.10424 -0.437637 
1.68631 0.652676 -0.357641 -1.07732 0.0486424 0.424641 0.308999 1.0275 -0.0122446 0.0749437 0.467123 -1.10244 -0.454879 
1.69497 0.661544 -0.357673 -1.07664 0.0526906 0.415096 0.304983 1.01899 0.00476546 0.081305 0.467132 -1.10029 -0.471897 
1.70366 0.670361 -0.357558 -1.07591 0.0567498 0.405545 0.300808 1.0101 0.0215415 0.0877161 0.467137 -1.09782 -0.488679 
1.71238 0.679124 -0.357298 -1.07511 0.060821 0.395989 0.296477 1.00084 0.0380708 0.0941812 0.467139 -1.09502 -0.50521 
1.72112 0.687834 -0.356893 -1.07426 0.0649053 0.386428 0.291988 0.991214 0.054341 0.100705 0.467136 -1.09192 -0.521477 
1.72989 0.696487 -0.356345 -1.07335 0.0690037 0.376862 0.287342 0.981239 0.0703404 0.107292 0.467128 -1.08853 -0.537469 
1.7387 0.705083 -0.355656 -1.07237 0.0731171 0.367292 0.282539 0.970924 0.086058 0.113947 0.467113 -1.08487 -0.553171 
1.74754 0.713619 -0.354826 -1.07134 0.0772463 0.357719 0.27758 0.960281 0.101483 0.120674 0.46709 -1.08095 -0.568574 
1.75642 0.722095 -0.353858 -1.07024 0.0813924 0.348141 0.272465 0.949323 0.116607 0.127479 0.467058 -1.0768 -0.583665 
1.76533 0.730509 -0.352751 -1.06907 0.0855561 0.338561 0.267195 0.938064 0.131419 0.134365 0.467016 -1.07243 -0.598434 
1.77429 0.738859 -0.351508 -1.06784 0.0897382 0.328977 0.26177 0.926516 0.145912 0.141339 0.466961 -1.06785 -0.612872 
1.78328 0.747142 -0.350131 -1.06653 0.0939394 0.31939 0.256192 0.914694 0.160077 0.148404 0.466892 -1.0631 -0.626968 
1.79233 0.755358 -0.34862 -1.06516 0.0981604 0.3098 0.25046 0.90261 0.173907 0.155567 0.466807 -1.05818 -0.640714 
1.80141 0.763504 -0.346978 -1.06371 0.102402 0.300207 0.244576 0.890281 0.187397 0.162831 0.466705 -1.05311 -0.654102 
1.81055 0.771579 -0.345205 -1.06219 0.106664 0.290611 0.238541 0.87772 0.20054 0.170202 0.466582 -1.04792 -0.667122 
1.81973 0.77958 -0.343304 -1.06059 0.110948 0.281013 0.232356 0.864942 0.213331 0.177685 0.466437 -1.04263 -0.679768 
1.82896 0.787506 -0.341276 -1.05892 0.115253 0.271412 0.226023 0.851963 0.225765 0.185286 0.466268 -1.03725 -0.692033 
1.83824 0.795354 -0.339123 -1.05716 0.119581 0.261809 0.219542 0.838797 0.23784 0.193008 0.46607 -1.03181 -0.70391 
1.84758 0.803122 -0.336847 -1.05532 0.12393 0.252203 0.212917 0.825461 0.249551 0.200858 0.465843 -1.02632 -0.715394 
1.85697 0.810808 -0.33445 -1.0534 0.128302 0.242594 0.206148 0.811969 0.260897 0.208841 0.465581 -1.02081 -0.726478 
1.86641 0.818409 -0.331935 -1.05139 0.132697 0.232983 0.199238 0.798338 0.271876 0.216962 0.465282 -1.0153 -0.737158 
1.8759 0.825924 -0.329302 -1.04929 0.137113 0.223369 0.192189 0.784583 0.282487 0.225226 0.464942 -1.00981 -0.74743 
1.88545 0.83335 -0.326554 -1.0471 0.141551 0.213753 0.185004 0.770719 0.29273 0.233637 0.464557 -1.00436 -0.757288 
1.89505 0.840684 -0.323695 -1.04482 0.14601 0.204134 0.177685 0.756763 0.302605 0.242202 0.464124 -0.998965 -0.766729 
1.90471 0.847925 -0.320725 -1.04244 0.15049 0.194512 0.170235 0.74273 0.312113 0.250924 0.463636 -0.993654 -0.775749 
1.91442 0.855069 -0.317649 -1.03996 0.15499 0.184888 0.162659 0.728636 0.321256 0.259809 0.46309 -0.988445 -0.784346 
1.92419 0.862116 -0.314468 -1.03738 0.15951 0.17526 0.154958 0.714495 0.330037 0.268861 0.46248 -0.983356 -0.792517 
1.93401 0.869061 -0.311185 -1.03469 0.164047 0.16563 0.147138 0.700323 0.338458 0.278085 0.461802 -0.978409 -0.80026 
1.94388 0.875904 -0.307803 -1.0319 0.168602 0.155997 0.139201 0.686135 0.346524 0.287486 0.461048 -0.973621 -0.807572 
1.9538 0.882641 -0.304326 -1.029 0.173173 0.14636 0.131154 0.671946 0.354238 0.297066 0.460213 -0.969012 -0.814451 
1.96377 0.88927 -0.300756 -1.02599 0.177757 0.13672 0.122999 0.657769 0.361606 0.306831 0.459291 -0.9646 -0.820896 
1.97379 0.89579 -0.297096 -1.02287 0.182355 0.127076 0.114742 0.643619 0.368633 0.316783 0.458274 -0.960403 -0.826906 
1.98386 0.902198 -0.293351 -1.01963 0.186963 0.117428 0.106388 0.629509 0.375325 0.326927 0.457155 -0.956436 -0.83248 
1.99397 0.908493 -0.289522 -1.01627 0.19158 0.107775 0.0979424 0.615453 0.381689 0.337265 0.455927 -0.952717 -0.837616 
     2 0.912178 -0.28721 -1.01422 0.194326 0.102038 0.0928833 0.60713 0.385318 0.343501 0.455142 -0.950631 -0.84046 
